date,tempC,maxtempC,mintempC,WindChillC,FeelsLikeC,visibilityMiles,HeatIndexC,avgtempC,windspeedMiles,winddirDegree,pressure,WindGustMiles,precipMM,totalSnow_cm,sunHour,DewPointC,humidity,uvIndex,fips
2019-01-01,20,20,16,18,18,4,18,18,4,233,1017,12,7.4,0.0,6.7,17,93,4,01067
2019-01-02,20,20,15,18,18,3,18,18,3,176,1020,7,1.3,0.0,5.0,16,89,4,01067
2019-01-03,18,18,15,18,18,2,18,17,4,162,1016,8,4.7,0.0,5.0,17,93,4,01067
2019-01-04,16,16,12,14,14,4,15,14,9,249,1011,18,20.0,0.0,8.3,11,79,3,01067
2019-01-05,12,12,3,7,7,6,8,9,4,309,1021,13,0.0,0.0,10.1,3,70,3,01067
2019-01-06,14,14,3,10,10,6,10,11,2,178,1024,6,0.0,0.0,10.1,5,72,4,01067
2019-01-07,15,15,6,11,11,6,11,12,3,169,1024,7,0.0,0.0,10.1,6,74,4,01067
2019-01-08,17,17,10,14,14,4,14,15,5,254,1021,10,0.0,0.0,10.1,10,77,5,01067
2019-01-09,14,14,7,9,9,6,10,11,8,334,1023,17,0.0,0.0,10.1,2,58,4,01067
2019-01-10,11,11,1,5,5,6,7,7,7,346,1024,14,0.0,0.0,10.2,-2,57,3,01067
2019-01-11,14,14,7,7,7,6,8,10,4,106,1024,10,0.0,0.0,10.2,2,67,4,01067
2019-01-12,15,15,5,9,9,5,10,11,7,123,1022,14,1.8,0.0,5.1,6,76,3,01067
2019-01-13,16,16,11,13,13,6,13,13,6,298,1020,14,2.2,0.0,10.2,10,83,4,01067
2019-01-14,11,11,7,9,9,6,10,10,6,328,1024,11,0.0,0.0,10.2,5,75,3,01067
2019-01-15,11,11,5,7,7,6,8,9,5,339,1026,10,0.0,0.0,10.6,2,70,3,01067
2019-01-16,14,14,2,8,8,6,9,9,3,334,1025,5,0.0,0.0,10.6,2,72,3,01067
2019-01-17,16,16,1,10,10,6,10,11,3,205,1023,6,0.2,0.0,10.0,4,72,3,01067
2019-01-18,18,18,11,15,15,3,15,16,4,113,1019,5,0.8,0.0,5.3,12,84,4,01067
2019-01-19,21,21,13,17,17,4,17,18,10,189,1012,21,4.5,0.0,5.3,14,83,4,01067
2019-01-20,9,9,7,6,6,6,8,8,15,320,1016,21,1.8,0.0,10.0,2,68,3,01067
2019-01-21,8,8,-3,1,1,6,3,4,6,35,1029,10,0.0,0.0,10.7,-6,51,2,01067
2019-01-22,13,13,1,7,7,6,8,9,7,108,1027,16,0.0,0.0,8.5,3,69,2,01067
2019-01-23,19,19,10,15,15,5,15,16,10,154,1017,27,11.8,0.0,5.4,12,82,4,01067
2019-01-24,10,10,4,7,7,6,9,8,10,309,1015,16,0.1,0.0,10.0,4,74,2,01067
2019-01-25,8,8,2,4,4,6,6,6,5,225,1023,10,0.0,0.0,8.5,-2,63,2,01067
2019-01-26,10,10,-2,5,5,6,5,6,3,235,1025,7,0.0,0.0,10.7,-2,63,3,01067
2019-01-27,13,13,2,8,8,6,9,10,2,146,1021,6,0.0,0.0,10.8,1,67,3,01067
2019-01-28,13,13,0,8,8,6,8,9,4,212,1017,9,0.0,0.0,10.0,3,72,3,01067
2019-01-29,6,6,3,1,1,5,5,5,9,323,1017,16,5.7,0.0,8.5,0,74,2,01067
2019-01-30,6,6,-6,-1,-1,6,1,1,4,238,1026,8,0.0,0.0,8.5,-8,56,1,01067
2019-01-31,11,11,-1,4,4,6,5,7,5,91,1028,8,0.0,0.0,10.8,-2,63,3,01067
2019-02-01,14,14,1,8,8,5,9,10,4,98,1026,11,5.1,0.0,7.0,3,71,2,01067
2019-02-02,15,15,6,12,12,4,12,12,5,79,1023,9,7.8,0.0,5.4,9,85,3,01067
2019-02-03,18,18,10,14,14,5,14,14,3,56,1019,7,9.6,0.0,5.4,12,87,3,01067
2019-02-04,21,21,11,15,15,4,16,16,3,170,1018,7,0.0,0.0,5.4,12,88,4,01067
2019-02-05,23,23,13,17,17,5,17,18,4,190,1019,7,0.1,0.0,7.0,15,88,4,01067
2019-02-06,21,21,15,18,18,4,18,19,5,195,1021,9,0.1,0.0,7.0,16,91,4,01067
2019-02-07,24,24,14,19,19,4,19,20,7,190,1021,12,0.0,0.0,10.9,14,77,6,01067
2019-02-08,17,17,14,15,15,5,15,15,7,349,1025,15,0.3,0.0,5.5,8,68,4,01067
2019-02-09,14,14,5,8,8,12,10,11,8,52,1032,16,0.0,0.0,11.0,-1,48,4,01067
2019-02-10,15,15,8,11,11,8,12,12,7,80,1029,15,1.0,0.0,5.5,7,74,3,01067
2019-02-11,19,19,11,15,15,6,15,15,4,159,1019,10,0.3,0.0,7.0,14,89,4,01067
2019-02-12,20,20,17,17,17,6,17,18,9,242,1016,19,9.3,0.0,7.0,14,84,4,01067
2019-02-13,17,17,5,11,11,8,12,11,5,347,1023,13,2.9,0.0,11.0,2,59,4,01067
2019-02-14,17,17,2,11,11,8,11,12,4,172,1020,9,0.0,0.0,11.0,3,65,4,01067
2019-02-15,20,20,10,15,15,7,15,16,6,213,1013,14,0.1,0.0,5.5,10,75,4,01067
2019-02-16,21,21,15,18,18,8,18,19,6,259,1010,13,0.7,0.0,7.1,15,81,4,01067
2019-02-17,24,24,16,20,20,6,20,20,6,178,1012,12,1.2,0.0,5.5,17,82,5,01067
2019-02-18,15,15,13,15,15,6,16,14,7,130,1019,14,1.0,0.0,8.6,12,76,3,01067
2019-02-19,13,13,11,13,13,5,13,12,10,78,1023,20,1.2,0.0,5.6,6,63,3,01067
2019-02-20,22,22,13,18,18,4,18,18,8,141,1017,17,1.2,0.0,5.6,16,87,4,01067
2019-02-21,25,25,17,21,21,4,21,22,4,198,1016,12,5.2,0.0,5.6,19,88,5,01067
2019-02-22,24,24,17,21,21,4,21,21,5,188,1019,8,0.0,0.0,11.2,18,85,6,01067
2019-02-23,24,24,17,21,21,11,21,22,6,178,1019,14,0.0,0.0,11.2,18,82,6,01067
2019-02-24,21,21,12,19,19,6,19,20,6,310,1018,19,0.3,0.0,8.6,12,71,4,01067
2019-02-25,20,20,11,15,15,6,16,15,5,56,1023,14,0.0,0.0,7.1,7,61,4,01067
2019-02-26,19,19,6,15,15,5,15,16,5,72,1024,8,0.4,0.0,8.6,10,75,4,01067
2019-02-27,20,20,12,17,17,4,17,17,3,108,1020,6,0.3,0.0,5.6,12,78,4,01067
2019-02-28,18,18,10,15,15,4,15,15,4,231,1018,11,3.0,0.0,5.6,8,65,4,01067
2019-03-01,17,17,10,14,14,6,14,15,4,236,1018,11,3.9,0.0,8.6,9,71,3,01067
2019-03-02,17,17,7,13,13,4,13,14,4,229,1021,6,1.1,0.0,5.7,6,66,3,01067
2019-03-03,17,17,6,12,12,5,13,14,6,196,1021,13,7.2,0.0,5.7,5,61,3,01067
2019-03-04,11,11,5,7,7,6,9,9,8,333,1020,15,0.1,0.0,10.1,3,66,2,01067
2019-03-05,9,9,-1,0,0,5,4,5,10,325,1024,14,4.5,0.0,11.4,-4,59,2,01067
2019-03-06,11,11,-2,1,1,6,4,5,7,223,1030,11,0.0,0.0,11.4,-8,42,3,01067
2019-03-07,16,16,2,8,8,6,9,11,4,144,1027,7,0.0,0.0,11.4,-3,45,4,01067
2019-03-08,22,22,10,15,15,6,15,17,7,196,1022,11,0.0,0.0,11.4,7,58,5,01067
2019-03-09,25,25,14,18,18,4,19,20,9,184,1018,14,0.0,0.0,11.6,13,73,6,01067
2019-03-10,26,26,16,20,21,4,21,22,6,234,1020,10,6.1,0.0,5.9,17,83,5,01067
2019-03-11,25,25,18,21,22,3,22,23,5,269,1022,8,3.8,0.0,6.0,18,87,5,01067
2019-03-12,23,23,11,16,16,6,17,18,7,67,1023,11,0.0,0.0,11.6,10,67,5,01067
2019-03-13,24,24,13,18,18,6,19,19,10,138,1020,15,0.0,0.0,11.6,12,68,5,01067
2019-03-14,23,23,16,20,20,6,20,21,11,174,1018,17,0.2,0.0,7.4,16,80,5,01067
2019-03-15,22,22,15,20,20,6,21,21,9,308,1020,14,1.7,0.0,7.4,14,75,5,01067
2019-03-16,12,12,10,10,10,6,11,11,7,126,1024,11,0.6,0.0,6.0,2,53,3,01067
2019-03-17,18,18,8,11,11,12,12,13,6,35,1023,10,0.0,0.0,10.2,1,49,3,01067
2019-03-18,18,18,7,11,11,12,12,14,9,14,1024,14,0.0,0.0,7.4,1,48,3,01067
2019-03-19,17,17,7,10,10,6,11,13,9,66,1025,13,0.0,0.0,10.2,1,49,3,01067
2019-03-20,18,18,6,11,11,6,12,13,5,43,1022,8,0.0,0.0,11.6,1,49,4,01067
2019-03-21,18,18,8,12,12,6,13,14,9,302,1017,13,0.0,0.0,11.6,4,57,4,01067
2019-03-22,20,20,6,12,12,6,14,14,7,321,1020,11,0.0,0.0,11.6,3,57,4,01067
2019-03-23,23,23,8,15,15,6,17,17,5,92,1023,8,0.0,0.0,11.6,4,51,5,01067
2019-03-24,24,24,10,17,17,6,17,19,7,170,1023,11,0.0,0.0,10.2,6,50,4,01067
2019-03-25,24,24,11,17,17,5,18,19,7,247,1018,12,4.0,0.0,10.2,12,72,4,01067
2019-03-26,20,20,11,14,14,6,15,16,9,342,1018,13,1.4,0.0,10.2,11,77,4,01067
2019-03-27,18,18,9,12,12,6,14,14,10,63,1025,15,1.0,0.0,11.6,4,61,4,01067
2019-03-28,22,22,7,14,14,12,16,16,5,102,1027,9,0.0,0.0,11.6,3,49,5,01067
2019-03-29,23,23,11,17,17,12,17,19,5,164,1023,8,0.0,0.0,8.9,7,54,4,01067
2019-03-30,25,25,13,20,20,12,20,21,7,192,1019,11,0.0,0.0,11.6,9,56,6,01067
2019-03-31,16,16,4,11,11,4,12,12,10,342,1019,14,0.6,0.0,6.3,7,70,3,01067
2019-04-01,18,18,7,11,11,6,12,13,10,86,1021,13,0.0,0.0,11.6,2,53,4,01067
2019-04-02,21,21,8,15,15,6,16,16,4,219,1021,7,1.3,0.0,10.3,7,64,4,01067
2019-04-03,22,22,9,15,15,6,16,18,6,124,1026,10,0.0,0.0,9.0,6,57,4,01067
2019-04-04,23,23,11,17,17,6,17,19,8,146,1024,12,2.4,0.0,9.0,11,72,4,01067
2019-04-05,25,25,17,20,20,5,21,22,6,210,1017,9,7.3,0.0,6.4,18,87,5,01067
2019-04-06,25,25,18,21,22,5,22,22,3,166,1019,6,22.9,0.0,6.4,19,88,5,01067
2019-04-07,28,28,18,22,23,4,23,25,6,181,1020,9,7.7,0.0,9.0,19,81,5,01067
2019-04-08,26,26,19,22,23,5,23,23,10,193,1015,16,2.9,0.0,6.4,19,83,5,01067
2019-04-09,24,24,18,21,21,5,21,22,7,229,1007,11,8.7,0.0,6.4,18,84,5,01067
2019-04-10,28,28,16,21,22,4,22,23,6,41,1009,10,2.9,0.0,11.6,16,73,6,01067
2019-04-11,28,28,18,22,23,6,23,24,8,139,1012,13,0.0,0.0,11.6,16,70,6,01067
2019-04-12,28,28,17,22,22,4,22,24,5,196,1014,7,0.0,0.0,11.6,16,72,6,01067
2019-04-13,28,28,18,22,24,6,24,24,7,140,1014,12,1.2,0.0,7.7,18,76,5,01067
2019-04-14,27,27,21,23,25,5,25,24,15,216,1008,25,33.5,0.0,9.0,16,74,5,01067
2019-04-15,21,21,8,13,13,6,14,16,9,332,1019,14,0.0,0.0,11.6,6,59,5,01067
2019-04-16,24,24,11,17,17,6,18,19,5,121,1022,8,0.0,0.0,11.6,7,54,5,01067
2019-04-17,28,28,14,20,21,6,21,22,6,163,1019,9,0.0,0.0,9.1,12,62,5,01067
2019-04-18,28,28,17,22,23,6,23,24,11,173,1012,17,0.0,0.0,10.3,16,72,5,01067
2019-04-19,20,20,10,16,16,5,17,17,15,267,1005,22,45.3,0.0,7.8,13,81,4,01067
2019-04-20,18,18,8,11,11,6,13,15,11,274,1013,16,0.0,0.0,11.6,5,63,4,01067
2019-04-21,23,23,9,15,15,6,16,18,6,316,1020,9,0.0,0.0,11.6,6,56,5,01067
2019-04-22,28,28,12,21,21,6,21,22,3,195,1022,5,0.0,0.0,11.6,10,56,6,01067
2019-04-23,28,28,15,21,21,6,21,24,4,237,1020,7,0.0,0.0,11.6,12,57,5,01067
2019-04-24,26,26,17,20,21,6,21,22,6,228,1017,10,0.0,0.0,11.6,12,60,6,01067
2019-04-25,26,26,16,20,21,6,21,22,8,187,1014,13,3.1,0.0,9.1,16,78,5,01067
2019-04-26,24,24,16,19,19,6,19,21,10,325,1013,15,1.1,0.0,10.3,13,73,5,01067
2019-04-27,25,25,12,18,18,6,18,21,6,139,1017,10,0.0,0.0,11.6,7,51,6,01067
2019-04-28,29,29,12,20,21,6,21,23,4,234,1018,8,0.0,0.0,11.6,10,54,6,01067
2019-04-29,30,30,15,22,23,6,23,25,5,154,1020,8,0.0,0.0,11.6,14,60,6,01067
2019-04-30,30,30,18,24,24,6,24,26,6,131,1022,9,0.0,0.0,11.6,17,67,6,01067
2019-05-01,30,30,20,25,25,6,25,27,6,153,1022,9,0.1,0.0,10.4,17,66,6,01067
2019-05-02,30,30,19,24,25,6,25,26,6,117,1019,10,0.0,0.0,10.4,18,68,7,01067
2019-05-03,32,32,20,25,26,5,26,28,3,217,1015,5,1.2,0.0,11.6,19,72,7,01067
2019-05-04,28,28,20,23,24,5,24,25,8,243,1012,12,8.5,0.0,6.8,20,84,5,01067
2019-05-05,27,27,19,22,23,4,23,24,9,270,1010,13,0.4,0.0,10.4,18,79,5,01067
2019-05-06,29,29,16,22,23,5,23,24,6,339,1016,9,0.0,0.0,11.6,13,63,6,01067
2019-05-07,32,32,17,24,25,6,25,26,4,88,1018,6,0.0,0.0,11.6,13,55,7,01067
2019-05-08,30,30,19,25,25,6,25,27,7,138,1016,11,0.1,0.0,11.6,16,62,7,01067
2019-05-09,30,30,20,25,26,5,26,26,8,161,1015,12,9.7,0.0,8.1,19,74,6,01067
2019-05-10,32,32,20,26,27,4,27,28,3,201,1016,5,4.3,0.0,11.6,20,76,7,01067
2019-05-11,28,28,21,23,25,5,25,24,5,209,1014,8,7.7,0.0,6.9,21,87,5,01067
2019-05-12,26,26,21,23,25,3,25,25,10,233,1010,18,30.4,0.0,6.9,21,90,5,01067
2019-05-13,27,27,18,22,22,4,22,24,7,327,1011,11,0.0,0.0,11.6,15,71,6,01067
2019-05-14,25,25,14,19,19,6,19,21,6,218,1016,10,0.0,0.0,11.6,11,61,6,01067
2019-05-15,28,28,13,20,20,6,20,23,4,45,1017,6,0.0,0.0,11.6,10,56,6,01067
2019-05-16,30,30,17,23,24,6,24,26,3,200,1017,5,0.6,0.0,10.4,15,62,6,01067
2019-05-17,31,31,19,25,26,6,26,27,4,243,1016,7,0.3,0.0,11.6,18,66,7,01067
2019-05-18,31,31,20,25,27,6,27,28,5,187,1016,8,0.2,0.0,11.6,17,61,7,01067
2019-05-19,32,32,20,25,27,6,27,28,6,181,1016,9,0.0,0.0,11.6,15,55,7,01067
2019-05-20,32,32,21,26,27,6,27,29,3,286,1016,5,0.0,0.0,11.6,17,60,7,01067
2019-05-21,32,32,21,27,28,6,28,29,5,169,1014,7,0.0,0.0,11.6,18,60,7,01067
2019-05-22,33,33,20,26,28,6,28,29,4,162,1018,7,0.0,0.0,11.6,17,58,7,01067
2019-05-23,33,33,23,27,29,6,29,29,6,125,1021,9,0.0,0.0,11.6,18,60,7,01067
2019-05-24,34,34,22,28,29,6,29,30,4,117,1020,7,0.0,0.0,11.6,18,59,7,01067
2019-05-25,37,37,22,30,32,6,32,32,3,228,1020,5,0.0,0.0,11.6,17,49,8,01067
2019-05-26,38,38,24,30,32,6,32,32,3,130,1019,6,0.0,0.0,11.6,19,54,8,01067
2019-05-27,34,34,24,29,31,6,31,31,4,267,1017,7,0.3,0.0,9.3,20,61,7,01067
2019-05-28,35,35,22,29,30,6,30,31,6,241,1015,10,0.0,0.0,10.5,17,55,8,01067
2019-05-29,35,35,22,28,30,6,30,31,5,203,1013,8,0.0,0.0,11.6,18,55,8,01067
2019-05-30,35,35,21,27,29,5,29,30,7,225,1013,10,0.8,0.0,11.6,19,65,7,01067
2019-05-31,34,34,22,28,30,6,30,30,7,272,1013,11,0.6,0.0,11.6,20,67,7,01067
2019-06-01,34,34,21,28,29,6,29,30,6,294,1012,9,0.0,0.0,11.6,15,50,8,01067
2019-06-02,34,34,21,27,28,6,28,30,6,336,1012,9,0.0,0.0,11.6,15,52,7,01067
2019-06-03,35,35,23,28,30,6,30,31,5,331,1014,9,0.0,0.0,11.6,16,50,8,01067
2019-06-04,36,36,23,29,30,6,30,32,3,76,1015,5,0.0,0.0,11.6,15,45,8,01067
2019-06-05,33,33,20,25,27,5,27,28,5,278,1015,8,12.9,0.0,9.3,20,69,6,01067
2019-06-06,26,26,22,24,26,5,26,24,6,138,1012,9,7.1,0.0,7.0,21,86,5,01067
2019-06-07,32,32,22,27,30,6,30,29,9,210,1008,14,5.0,0.0,9.3,22,75,6,01067
2019-06-08,33,33,23,27,30,5,30,29,7,200,1008,11,7.8,0.0,8.2,22,78,6,01067
2019-06-09,31,31,22,25,28,8,28,27,4,190,1010,8,20.7,0.0,7.1,22,83,6,01067
2019-06-10,32,32,22,26,29,4,29,29,3,257,1013,4,9.2,0.0,8.2,22,81,6,01067
2019-06-11,30,30,21,25,27,9,27,27,7,39,1014,11,9.7,0.0,9.3,21,79,6,01067
2019-06-12,31,31,21,25,28,11,28,27,5,300,1012,8,4.1,0.0,8.2,20,74,6,01067
2019-06-13,30,30,19,24,24,12,24,27,8,284,1015,12,0.0,0.0,11.6,13,52,7,01067
2019-06-14,29,29,17,23,23,12,23,25,6,95,1020,10,0.0,0.0,11.6,13,58,6,01067
2019-06-15,30,30,18,24,25,12,25,27,6,148,1019,10,0.2,0.0,10.5,17,66,6,01067
2019-06-16,33,33,21,27,29,11,29,29,3,154,1016,5,0.0,0.0,11.6,20,68,7,01067
2019-06-17,32,32,22,27,29,11,29,29,5,160,1015,8,0.4,0.0,11.6,21,71,7,01067
2019-06-18,31,31,22,26,28,10,28,28,6,243,1014,9,1.8,0.0,10.5,21,79,6,01067
2019-06-19,32,32,22,27,30,6,30,29,8,246,1011,11,0.8,0.0,11.6,22,75,6,01067
2019-06-20,33,33,24,27,31,5,31,29,11,234,1012,18,6.0,0.0,10.5,23,80,6,01067
2019-06-21,34,34,24,28,33,4,33,31,7,257,1016,11,3.1,0.0,7.1,24,78,7,01067
2019-06-22,33,33,24,28,32,5,32,30,7,261,1018,11,2.2,0.0,9.3,23,77,7,01067
2019-06-23,34,34,23,28,31,4,31,30,6,249,1017,10,0.1,0.0,11.6,21,71,8,01067
2019-06-24,34,34,23,28,32,5,32,30,9,247,1015,13,2.2,0.0,11.6,22,75,7,01067
2019-06-25,34,34,23,28,30,5,30,30,6,294,1017,10,5.0,0.0,11.6,21,70,7,01067
2019-06-26,33,33,22,28,30,5,30,29,7,116,1020,11,2.6,0.0,11.6,19,67,7,01067
2019-06-27,31,31,22,26,28,6,28,28,6,67,1020,9,0.0,0.0,11.6,19,65,7,01067
2019-06-28,31,31,22,26,28,6,28,29,6,93,1019,9,2.3,0.0,10.5,18,63,7,01067
2019-06-29,30,30,22,25,28,5,28,27,6,142,1018,10,15.3,0.0,7.1,22,83,6,01067
2019-06-30,33,33,22,27,30,5,30,29,2,244,1017,4,3.4,0.0,9.3,21,74,6,01067
2019-07-01,33,33,23,28,31,6,31,30,6,293,1016,9,0.0,0.0,10.5,21,70,6,01067
2019-07-02,35,35,24,29,32,5,32,32,5,311,1015,8,3.7,0.0,11.6,21,65,8,01067
2019-07-03,33,33,23,28,31,5,31,29,5,204,1014,9,6.2,0.0,9.3,22,73,6,01067
2019-07-04,34,34,23,28,30,6,30,30,4,209,1015,7,1.8,0.0,9.3,22,71,6,01067
2019-07-05,35,35,24,29,33,5,33,31,3,187,1017,5,4.5,0.0,11.6,22,71,7,01067
2019-07-06,35,35,24,29,32,5,32,31,4,316,1016,7,7.5,0.0,10.5,22,68,7,01067
2019-07-07,34,34,25,29,33,6,33,31,7,281,1013,12,1.9,0.0,11.6,22,71,7,01067
2019-07-08,34,34,23,29,32,5,32,30,7,299,1011,12,7.0,0.0,10.5,22,76,7,01067
2019-07-09,31,31,24,27,31,5,31,29,5,71,1012,9,15.2,0.0,8.2,23,80,6,01067
2019-07-10,32,32,24,28,32,4,32,30,6,107,1013,10,12.3,0.0,8.2,24,80,6,01067
2019-07-11,32,32,23,27,30,4,30,29,7,170,1012,10,1.7,0.0,8.2,23,80,6,01067
2019-07-12,31,31,22,26,29,5,29,28,7,182,1013,12,7.4,0.0,9.3,23,81,6,01067
2019-07-13,33,33,24,27,30,6,30,29,6,193,1016,9,1.9,0.0,9.3,22,75,6,01067
2019-07-14,32,32,23,27,30,6,30,30,4,148,1019,6,0.2,0.0,11.6,22,73,7,01067
2019-07-15,34,34,23,28,31,6,31,31,4,201,1019,6,0.8,0.0,11.6,22,72,8,01067
2019-07-16,34,34,23,28,31,6,31,30,4,219,1019,7,1.6,0.0,11.6,21,69,8,01067
2019-07-17,34,34,23,28,31,6,31,30,5,247,1018,8,0.7,0.0,11.6,21,66,8,01067
2019-07-18,35,35,24,29,31,6,31,31,5,263,1017,9,2.5,0.0,11.6,21,66,8,01067
2019-07-19,33,33,24,27,31,5,31,30,4,213,1017,7,11.6,0.0,7.0,23,77,6,01067
2019-07-20,31,31,24,26,29,5,29,28,4,236,1017,7,14.1,0.0,7.0,22,81,6,01067
2019-07-21,32,32,22,27,30,5,30,29,5,218,1016,7,0.5,0.0,9.3,21,74,6,01067
2019-07-22,32,32,23,26,29,5,29,29,6,210,1015,9,2.5,0.0,8.1,22,77,6,01067
2019-07-23,31,31,22,25,28,4,28,27,6,237,1012,10,15.0,0.0,10.4,22,84,6,01067
2019-07-24,30,30,20,24,25,5,25,26,8,53,1014,11,3.6,0.0,11.6,18,71,7,01067
2019-07-25,30,30,20,24,26,6,26,26,6,76,1017,10,0.0,0.0,11.6,16,62,7,01067
2019-07-26,30,30,21,25,26,6,26,27,6,91,1020,10,0.0,0.0,11.6,17,64,7,01067
2019-07-27,31,31,20,25,26,6,26,27,6,68,1022,10,0.0,0.0,11.6,17,63,7,01067
2019-07-28,31,31,22,26,28,6,28,28,5,83,1020,8,0.3,0.0,11.6,18,63,6,01067
2019-07-29,32,32,22,27,28,6,28,29,3,78,1017,5,0.0,0.0,11.6,18,61,7,01067
2019-07-30,33,33,23,28,29,6,29,30,2,131,1016,4,0.0,0.0,11.6,17,55,7,01067
2019-07-31,33,33,23,27,29,6,29,30,3,176,1016,5,0.4,0.0,11.6,19,61,7,01067
2019-08-01,33,33,23,28,30,5,30,30,3,155,1016,6,6.8,0.0,9.3,20,68,6,01067
2019-08-02,32,32,22,26,29,5,29,28,5,115,1015,8,3.0,0.0,8.1,21,77,6,01067
2019-08-03,31,31,22,26,29,5,29,28,3,86,1013,5,4.2,0.0,6.9,21,76,6,01067
2019-08-04,32,32,23,27,29,5,29,29,4,282,1014,7,3.7,0.0,6.9,21,74,6,01067
2019-08-05,30,30,23,26,29,4,29,28,6,233,1013,10,9.4,0.0,7.9,22,80,6,01067
2019-08-06,32,32,22,27,29,5,29,28,5,267,1013,8,4.9,0.0,10.4,22,76,6,01067
2019-08-07,34,34,23,28,31,6,31,30,5,258,1012,9,0.8,0.0,11.6,21,69,7,01067
2019-08-08,34,34,24,29,32,6,32,31,5,262,1013,9,2.5,0.0,9.1,23,72,7,01067
2019-08-09,34,34,25,29,33,6,33,31,5,288,1013,9,1.7,0.0,7.9,23,73,7,01067
2019-08-10,34,34,25,29,33,5,33,31,5,271,1012,8,10.7,0.0,6.6,24,75,7,01067
2019-08-11,34,34,24,28,32,5,32,30,4,310,1013,7,14.5,0.0,7.9,24,78,7,01067
2019-08-12,33,33,25,29,34,5,34,31,4,83,1012,7,7.6,0.0,7.9,24,76,7,01067
2019-08-13,34,34,26,29,34,5,34,31,3,146,1012,6,4.0,0.0,11.6,24,74,8,01067
2019-08-14,34,34,25,29,34,5,34,31,5,214,1011,9,6.4,0.0,10.3,24,78,7,01067
2019-08-15,35,35,24,29,32,6,32,31,4,134,1012,7,1.1,0.0,9.1,21,67,7,01067
2019-08-16,35,35,24,29,30,6,30,30,4,224,1013,6,0.0,0.0,11.6,18,55,8,01067
2019-08-17,35,35,23,29,31,6,31,31,4,254,1014,7,0.2,0.0,11.6,18,56,8,01067
2019-08-18,32,32,23,26,30,3,30,29,5,112,1015,7,9.7,0.0,6.6,23,82,6,01067
2019-08-19,34,34,23,27,31,5,31,30,5,200,1016,8,3.6,0.0,9.1,22,77,6,01067
2019-08-20,31,31,23,27,30,5,30,28,6,194,1017,9,5.2,0.0,7.8,23,82,6,01067
2019-08-21,34,34,23,27,30,5,30,30,4,104,1017,6,2.4,0.0,9.1,22,75,6,01067
2019-08-22,33,33,23,27,30,5,30,29,4,189,1016,7,3.7,0.0,11.6,22,74,7,01067
2019-08-23,33,33,24,28,31,5,31,30,4,176,1015,6,3.6,0.0,11.6,23,76,7,01067
2019-08-24,32,32,24,27,30,5,30,28,4,105,1014,7,6.2,0.0,9.1,23,82,6,01067
2019-08-25,27,27,23,25,28,5,28,25,8,82,1014,12,7.4,0.0,6.5,23,89,6,01067
2019-08-26,29,29,21,25,28,5,28,26,7,155,1014,11,6.8,0.0,6.5,22,86,6,01067
2019-08-27,29,29,22,25,28,5,28,27,5,215,1013,8,3.7,0.0,7.8,23,85,6,01067
2019-08-28,32,32,23,27,30,6,30,29,7,335,1013,11,0.2,0.0,11.6,21,72,7,01067
2019-08-29,32,32,21,26,28,6,28,28,6,146,1015,11,0.0,0.0,11.6,17,61,7,01067
2019-08-30,31,31,20,25,26,6,26,27,7,67,1017,11,0.0,0.0,11.6,16,61,7,01067
2019-08-31,31,31,22,26,29,6,29,28,8,69,1016,13,2.9,0.0,9.0,21,75,6,01067
2019-09-01,30,30,22,25,28,5,28,27,7,67,1016,12,5.0,0.0,6.4,23,85,6,01067
2019-09-02,32,32,22,26,29,5,29,28,8,45,1014,12,0.0,0.0,11.6,21,75,7,01067
2019-09-03,32,32,22,27,29,6,29,29,7,56,1012,11,0.0,0.0,11.6,20,69,7,01067
2019-09-04,34,34,23,28,30,6,30,30,9,127,1013,14,0.0,0.0,11.6,20,63,7,01067
2019-09-05,34,34,24,29,32,6,32,31,10,321,1012,17,0.0,0.0,11.6,19,60,8,01067
2019-09-06,32,32,20,26,28,6,28,27,8,321,1012,13,0.0,0.0,11.6,17,62,7,01067
2019-09-07,35,35,22,28,31,6,31,30,5,319,1013,9,0.0,0.0,11.6,20,65,8,01067
2019-09-08,36,36,25,29,32,5,32,32,3,182,1015,6,4.2,0.0,11.6,22,65,8,01067
2019-09-09,34,34,25,28,32,5,32,31,3,185,1018,5,5.4,0.0,11.6,22,70,7,01067
2019-09-10,34,34,24,28,31,6,31,30,4,74,1021,6,2.8,0.0,10.2,22,71,8,01067
2019-09-11,33,33,23,27,30,6,30,29,6,83,1021,10,0.0,0.0,11.6,21,70,7,01067
2019-09-12,33,33,23,27,29,6,29,29,6,67,1018,10,1.1,0.0,11.6,21,71,6,01067
2019-09-13,32,32,22,27,29,6,29,29,7,78,1018,11,0.0,0.0,8.9,18,64,6,01067
2019-09-14,31,31,21,26,28,6,28,27,9,72,1019,13,0.7,0.0,6.1,20,74,6,01067
2019-09-15,0,0,0,26,26,6,28,0,5,0,1016,10,0.0,0.0,10.2,20,68,2,01067
2019-09-16,33,33,0,28,28,6,31,8,5,60,1016,9,0.0,0.0,11.6,19,61,3,01067
2019-09-17,35,35,23,29,31,6,31,31,5,312,1014,8,0.0,0.0,11.6,17,51,8,01067
2019-09-18,35,35,24,28,30,6,30,31,6,235,1014,10,1.1,0.0,10.2,19,62,8,01067
2019-09-19,28,28,20,24,25,6,25,25,11,89,1019,16,0.1,0.0,11.6,16,65,7,01067
2019-09-20,29,29,18,23,24,6,24,25,9,89,1022,14,0.0,0.0,11.6,15,64,6,01067
2019-09-21,29,29,19,24,25,5,25,26,7,96,1022,12,0.0,0.0,11.6,17,68,7,01067
2019-09-22,30,30,18,24,25,6,25,26,5,112,1020,8,0.0,0.0,11.6,16,65,7,01067
2019-09-23,32,32,20,25,26,6,26,27,3,248,1017,6,0.0,0.0,11.6,17,66,7,01067
2019-09-24,33,33,21,26,29,6,29,29,4,312,1013,7,0.0,0.0,11.6,19,66,6,01067
2019-09-25,33,33,22,28,29,6,29,29,5,328,1012,9,0.0,0.0,10.2,16,54,6,01067
2019-09-26,34,34,24,29,31,6,31,31,4,341,1012,7,0.0,0.0,11.6,19,59,8,01067
2019-09-27,35,35,24,30,32,6,32,31,4,148,1013,6,0.1,0.0,11.6,20,60,8,01067
2019-09-28,34,34,23,28,30,6,30,30,4,253,1017,6,0.1,0.0,10.2,20,64,7,01067
2019-09-29,32,32,22,27,29,6,29,28,5,100,1020,9,0.0,0.0,11.6,18,61,7,01067
2019-09-30,34,34,23,29,31,6,31,30,5,60,1019,8,0.0,0.0,11.6,19,60,7,01067
2019-10-01,32,32,23,27,29,5,29,29,6,71,1017,10,10.2,0.0,7.4,20,65,6,01067
2019-10-02,33,33,22,27,29,6,29,29,5,70,1015,8,0.0,0.0,11.6,20,66,7,01067
2019-10-03,34,34,23,28,30,6,30,30,4,72,1015,6,0.6,0.0,11.6,20,62,8,01067
2019-10-04,36,36,24,28,30,5,30,31,3,122,1015,5,3.8,0.0,11.6,20,67,8,01067
2019-10-05,33,33,23,26,28,5,28,29,7,93,1016,10,5.5,0.0,10.2,20,69,6,01067
2019-10-06,29,29,22,25,27,6,27,26,9,80,1018,13,0.3,0.0,8.8,20,74,6,01067
2019-10-07,30,30,20,24,26,5,26,26,7,66,1015,11,0.3,0.0,11.6,19,77,6,01067
2019-10-08,30,30,19,24,24,6,24,26,6,35,1014,10,0.0,0.0,11.6,17,69,7,01067
2019-10-09,28,28,19,23,24,6,24,25,9,76,1016,13,0.2,0.0,11.6,18,74,6,01067
2019-10-10,28,28,17,23,23,6,23,24,8,80,1018,13,0.0,0.0,11.6,15,68,6,01067
2019-10-11,27,27,16,21,22,5,22,23,6,95,1018,10,0.0,0.0,11.6,13,63,6,01067
2019-10-12,29,29,18,23,23,6,23,25,3,292,1017,6,0.0,0.0,8.7,14,60,6,01067
2019-10-13,30,30,19,23,24,5,24,26,6,254,1017,9,6.2,0.0,8.7,18,80,6,01067
2019-10-14,27,27,17,22,23,5,23,23,3,229,1018,5,9.7,0.0,8.7,18,83,5,01067
2019-10-15,23,23,21,21,21,4,22,21,6,96,1015,9,15.5,0.0,5.8,21,97,5,01067
2019-10-16,25,25,16,21,22,4,22,23,9,300,1012,13,20.2,0.0,7.3,18,84,5,01067
2019-10-17,20,20,10,14,14,6,15,16,7,337,1015,10,0.0,0.0,11.6,8,63,5,01067
2019-10-18,19,19,11,14,14,6,15,16,7,82,1014,12,0.1,0.0,10.2,8,63,4,01067
2019-10-19,21,21,16,18,18,3,18,19,11,39,1007,17,7.4,0.0,5.8,16,92,4,01067
2019-10-20,25,25,14,19,19,4,19,20,4,287,1012,6,0.0,0.0,10.1,16,84,5,01067
2019-10-21,27,27,17,22,23,5,23,24,5,166,1013,8,6.9,0.0,10.1,18,80,6,01067
2019-10-22,0,0,14,13,13,6,14,0,8,0,1020,17,0.0,0.0,10.1,5,55,2,01067
2019-10-23,20,20,9,14,14,6,15,16,7,39,1021,11,0.0,0.0,11.5,4,52,5,01067
2019-10-24,21,21,11,16,16,6,16,17,7,76,1021,12,0.0,0.0,7.1,10,69,4,01067
2019-10-25,26,26,19,21,23,6,23,22,9,118,1017,14,6.7,0.0,5.5,20,90,5,01067
2019-10-26,26,26,21,23,25,6,25,24,12,157,1011,20,5.4,0.0,7.0,21,89,5,01067
2019-10-27,23,23,15,19,19,6,21,20,6,312,1014,9,1.6,0.0,11.0,14,76,5,01067
2019-10-28,25,25,12,18,18,5,19,20,3,124,1017,5,0.8,0.0,11.0,13,72,6,01067
2019-10-29,21,21,12,18,18,4,19,20,4,57,1018,7,34.6,0.0,5.5,19,95,5,01067
2019-10-30,24,24,20,22,23,5,23,22,7,166,1017,11,5.3,0.0,8.5,21,95,5,01067
2019-10-31,25,25,6,17,17,6,20,21,13,269,1017,19,2.0,0.0,7.0,16,87,5,01067
2019-11-01,14,14,2,6,6,6,9,9,8,16,1024,12,0.0,0.0,11.0,1,64,3,01067
2019-11-02,16,16,6,10,10,6,11,12,7,336,1023,12,0.0,0.0,10.9,4,64,3,01067
2019-11-03,16,16,5,9,9,6,11,12,8,58,1023,13,0.0,0.0,10.9,3,63,4,01067
2019-11-04,19,19,9,14,14,6,14,16,6,93,1021,11,0.0,0.0,7.0,10,74,4,01067
2019-11-05,23,23,16,19,19,5,19,20,6,29,1021,9,0.2,0.0,5.2,16,87,5,01067
2019-11-06,23,23,13,17,17,6,19,19,7,62,1024,12,0.0,0.0,10.5,13,72,5,01067
2019-11-07,22,22,16,19,19,4,19,19,5,129,1021,8,3.2,0.0,5.2,17,91,4,01067
2019-11-08,17,17,10,14,14,6,14,14,10,15,1020,15,0.9,0.0,8.4,10,76,3,01067
2019-11-09,16,16,6,10,10,6,11,12,6,64,1023,10,0.0,0.0,10.4,2,60,4,01067
2019-11-10,18,18,6,12,12,6,12,13,3,141,1023,5,0.0,0.0,10.4,2,53,4,01067
2019-11-11,21,21,10,14,14,6,15,17,4,176,1020,6,0.0,0.0,10.4,8,62,4,01067
2019-11-12,13,13,0,6,6,6,9,8,14,337,1019,21,1.9,0.0,8.4,5,75,2,01067
2019-11-13,10,10,-2,0,0,6,4,6,10,74,1025,15,0.0,0.0,10.4,-6,52,3,01067
2019-11-14,10,10,2,4,4,5,6,8,8,38,1024,11,6.4,0.0,5.2,1,69,2,01067
2019-11-15,9,9,6,4,4,4,7,8,11,345,1020,15,1.0,0.0,5.2,6,93,2,01067
2019-11-16,16,16,7,9,9,6,11,12,9,9,1018,13,0.0,0.0,10.0,8,81,4,01067
2019-11-17,17,17,6,10,10,6,11,13,5,30,1016,7,0.0,0.0,10.0,7,75,4,01067
2019-11-18,16,16,10,13,13,6,13,14,6,297,1012,10,0.0,0.0,10.3,8,70,4,01067
2019-11-19,18,18,7,11,11,6,12,13,7,266,1014,11,0.0,0.0,10.3,6,71,4,01067
2019-11-20,18,18,8,12,12,6,13,14,6,127,1021,10,0.0,0.0,10.3,6,67,4,01067
2019-11-21,18,18,9,13,13,6,13,15,6,135,1023,10,0.0,0.0,10.3,6,63,4,01067
2019-11-22,21,21,11,15,15,6,16,17,5,208,1019,8,0.0,0.0,10.2,10,69,4,01067
2019-11-23,24,24,12,17,17,4,17,20,11,222,1013,17,8.1,0.0,6.7,15,88,4,01067
2019-11-24,14,14,6,8,8,6,9,11,7,301,1015,11,0.0,0.0,10.2,5,77,4,01067
2019-11-25,16,16,6,10,10,6,11,12,4,240,1015,6,0.0,0.0,10.2,4,69,4,01067
2019-11-26,19,19,8,12,12,6,13,15,7,156,1017,11,0.0,0.0,10.2,9,75,4,01067
2019-11-27,24,24,16,20,22,6,22,24,7,306,1021,13,0.2,0.0,5.1,14,74,5,01067
2019-11-28,19,19,9,13,13,6,14,15,8,232,1025,12,0.0,0.0,10.2,5,56,4,01067
2019-11-29,21,21,10,15,15,6,15,17,4,48,1023,7,0.0,0.0,10.2,5,55,5,01067
2019-11-30,23,23,12,17,17,6,18,18,6,198,1015,11,0.0,0.0,10.2,11,67,5,01067
2019-12-01,19,19,12,16,16,5,16,16,13,275,1010,20,0.7,0.0,8.3,9,64,4,01067
2019-12-02,9,9,3,3,3,6,6,7,11,313,1016,16,0.0,0.0,10.1,0,62,3,01067
2019-12-03,11,11,0,2,2,6,5,6,7,296,1017,10,0.0,0.0,10.0,0,70,2,01067
2019-12-04,15,15,3,7,7,6,9,10,7,305,1015,12,0.0,0.0,10.1,3,69,4,01067
2019-12-05,17,17,6,11,11,6,12,13,5,96,1020,8,0.0,0.0,10.1,3,57,4,01067
2019-12-06,18,18,9,12,12,5,13,15,4,145,1021,7,0.5,0.0,10.0,5,60,3,01067
2019-12-07,17,17,11,14,14,6,14,15,7,66,1022,10,0.4,0.0,6.7,10,78,3,01067
2019-12-08,16,16,11,13,13,6,14,14,11,106,1022,16,0.0,0.0,5.0,10,77,3,01067
2019-12-09,22,22,15,18,18,6,19,20,10,210,1016,16,0.9,0.0,8.3,15,85,4,01067
2019-12-10,24,24,16,19,19,5,21,21,11,216,1018,17,5.1,0.0,6.7,15,86,5,01067
2019-12-11,12,12,6,6,6,5,9,10,11,12,1028,17,1.9,0.0,10.0,0,55,3,01067
2019-12-12,9,9,6,5,5,4,8,8,12,80,1028,18,2.9,0.0,5.0,1,64,2,01067
2019-12-13,15,15,8,11,11,5,12,13,6,66,1015,9,11.3,0.0,5.0,11,96,3,01067
2019-12-14,16,16,11,12,12,5,13,14,8,284,1010,12,0.2,0.0,10.1,10,81,4,01067
2019-12-15,0,0,11,11,11,1,14,0,8,0,1019,15,0.0,0.0,10.1,13,95,2,01067
2019-12-16,22,22,11,16,16,5,17,18,9,168,1018,15,0.0,0.0,10.0,14,86,5,01067
2019-12-17,19,19,5,13,13,5,15,16,13,297,1014,20,9.1,0.0,5.0,13,88,4,01067
2019-12-18,9,9,1,1,1,6,5,6,12,353,1024,17,0.0,0.0,10.1,-3,59,3,01067
2019-12-19,10,10,0,2,2,6,4,6,7,58,1029,11,0.0,0.0,10.1,-3,61,3,01067
2019-12-20,12,12,3,4,4,6,7,8,8,66,1030,14,0.0,0.0,8.3,-1,57,2,01067
2019-12-21,14,14,9,8,8,5,10,11,11,66,1027,16,2.8,0.0,5.0,5,72,3,01067
2019-12-22,13,13,9,10,10,4,12,12,13,73,1016,21,30.7,0.0,5.0,12,96,3,01067
2019-12-23,15,15,10,11,11,3,12,13,9,324,1010,14,6.9,0.0,8.3,11,91,3,01067
2019-12-24,20,20,13,15,15,4,15,17,9,33,1014,15,0.2,0.0,8.3,13,85,4,01067
2019-12-25,19,19,12,14,14,4,14,16,7,79,1018,12,0.0,0.0,10.1,11,80,5,01067
2019-12-26,19,19,10,13,13,6,14,15,6,96,1021,11,0.0,0.0,10.1,11,81,5,01067
2019-12-27,21,21,13,16,16,4,17,18,6,80,1022,10,0.5,0.0,8.3,14,87,4,01067
2019-12-28,20,20,16,18,18,5,18,18,7,99,1019,12,1.4,0.0,5.0,17,92,4,01067
2019-12-29,23,23,18,20,20,4,21,21,10,170,1013,15,1.5,0.0,5.0,19,91,5,01067
2019-12-30,16,16,10,14,14,6,14,14,9,301,1014,13,1.0,0.0,10.1,9,72,4,01067
2019-12-31,13,13,5,7,7,6,9,10,8,304,1019,12,0.0,0.0,10.1,2,67,3,01067
2020-01-01,14,14,5,9,9,6,9,11,4,278,1019,7,0.0,0.0,10.1,1,59,4,01067
2020-01-02,21,21,10,14,14,6,15,16,9,163,1014,15,0.2,0.0,8.3,9,67,4,01067
2020-01-03,25,25,17,21,22,5,22,23,12,219,1012,20,5.6,0.0,5.0,18,86,5,01067
2020-01-04,16,16,8,12,12,6,14,15,11,299,1018,16,0.3,0.0,6.7,9,74,3,01067
2020-01-05,13,13,3,5,5,6,7,8,6,310,1028,9,0.0,0.0,10.1,0,62,3,01067
2020-01-06,17,17,5,9,9,6,11,12,5,255,1023,10,0.0,0.0,10.1,5,70,4,01067
2020-01-07,15,15,8,10,10,6,11,13,10,308,1022,16,0.0,0.0,10.1,5,70,4,01067
2020-01-08,15,15,4,8,8,6,10,10,4,23,1030,8,0.0,0.0,10.1,0,56,4,01067
2020-01-09,17,17,6,10,10,6,11,12,8,129,1030,14,0.0,0.0,10.0,4,63,3,01067
2020-01-10,21,21,14,16,16,6,17,18,10,135,1026,17,0.7,0.0,6.7,14,83,4,01067
2020-01-11,23,23,18,20,20,5,21,21,17,175,1019,29,15.9,0.0,5.1,18,87,5,01067
2020-01-12,21,21,15,18,18,3,18,18,4,116,1023,6,8.0,0.0,5.1,16,90,4,01067
2020-01-13,25,25,19,21,21,4,21,22,6,189,1025,10,6.2,0.0,6.7,19,91,5,01067
2020-01-14,22,22,17,19,19,3,20,20,5,194,1024,8,3.0,0.0,6.7,18,93,5,01067
2020-01-15,24,24,17,20,20,4,20,21,5,221,1022,8,1.0,0.0,6.9,18,91,5,01067
2020-01-16,22,22,13,18,18,3,19,20,9,107,1026,13,0.1,0.0,10.0,14,78,5,01067
2020-01-17,13,13,10,9,9,6,12,12,12,90,1031,19,0.0,0.0,10.6,2,51,4,01067
2020-01-18,18,18,10,13,13,5,14,14,10,149,1025,15,10.9,0.0,6.9,11,85,3,01067
2020-01-19,12,12,5,8,8,5,10,9,12,333,1022,17,6.1,0.0,10.0,4,69,3,01067
2020-01-20,7,7,-2,-2,-2,6,2,3,10,350,1027,14,0.0,0.0,10.7,-6,56,2,01067
2020-01-21,7,7,-3,-3,-3,6,1,2,9,21,1030,13,0.0,0.0,10.7,-7,55,2,01067
2020-01-22,9,9,-2,0,0,6,3,5,8,67,1027,13,0.0,0.0,10.7,-7,50,2,01067
2020-01-23,12,12,5,5,5,5,8,8,9,109,1021,15,5.5,0.0,5.3,5,81,2,01067
2020-01-24,16,16,9,12,12,5,13,15,8,259,1016,13,0.6,0.0,8.5,11,85,3,01067
2020-01-25,12,12,4,5,5,6,8,8,8,309,1020,12,0.0,0.0,10.0,3,73,3,01067
2020-01-26,13,13,4,8,8,5,9,10,5,292,1020,7,0.5,0.0,10.0,4,74,3,01067
2020-01-27,14,14,8,10,10,5,10,12,3,267,1016,5,3.0,0.0,5.4,9,88,3,01067
2020-01-28,16,16,6,10,10,6,11,12,4,40,1017,6,0.0,0.0,10.8,4,70,4,01067
2020-01-29,11,11,7,7,7,5,9,9,7,78,1016,12,3.3,0.0,5.4,4,75,2,01067
2020-01-30,14,14,5,7,7,4,9,10,7,59,1019,11,0.2,0.0,10.8,6,83,4,01067
2020-01-31,10,10,7,8,8,4,9,9,8,75,1019,12,4.6,0.0,5.4,8,89,2,01067
2020-02-01,13,13,6,7,7,5,9,10,7,312,1018,10,0.1,0.0,7.0,6,84,3,01067
2020-02-02,17,17,4,8,8,6,10,11,8,257,1020,13,0.0,0.0,10.8,4,72,4,01067
2020-02-03,20,20,8,13,13,6,15,15,7,221,1019,12,0.0,0.0,10.9,9,74,5,01067
2020-02-04,21,21,12,16,16,4,17,18,8,197,1017,14,0.1,0.0,7.0,13,85,4,01067
2020-02-05,22,22,16,18,18,4,19,19,11,176,1013,17,3.4,0.0,7.0,17,91,4,01067
2020-02-06,21,21,12,18,18,5,19,20,17,226,1001,27,21.1,0.0,5.5,17,91,4,01067
2020-02-07,10,10,4,4,4,6,7,6,11,282,1013,16,0.9,0.0,10.9,1,69,3,01067
2020-02-08,13,13,4,7,7,6,8,10,5,218,1025,9,0.1,0.0,7.0,4,73,2,01067
2020-02-09,17,17,5,9,9,6,11,12,8,105,1028,13,0.0,0.0,10.1,7,77,4,01067
2020-02-10,22,22,11,15,15,6,16,17,10,182,1023,16,0.0,0.0,7.0,13,81,4,01067
2020-02-11,25,25,17,20,20,6,20,22,9,218,1018,15,1.4,0.0,7.0,18,89,5,01067
2020-02-12,25,25,16,20,20,4,20,21,9,177,1016,14,0.4,0.0,7.0,17,87,5,01067
2020-02-13,23,23,10,18,18,6,19,20,13,290,1015,19,2.9,0.0,5.5,15,82,5,01067
2020-02-14,15,15,6,7,7,6,9,10,10,6,1026,15,0.0,0.0,11.0,1,56,4,01067
2020-02-15,15,15,2,7,7,6,8,10,6,87,1028,10,0.0,0.0,11.1,-1,54,3,01067
2020-02-16,13,13,9,10,10,2,11,11,5,98,1021,8,1.9,0.0,5.5,10,93,3,01067
2020-02-17,20,20,12,14,14,2,15,16,6,109,1018,10,0.5,0.0,5.5,14,93,4,01067
2020-02-18,24,24,16,19,19,4,20,21,6,193,1019,10,5.3,0.0,5.6,18,91,5,01067
2020-02-19,20,20,14,17,17,4,17,18,6,133,1023,9,3.8,0.0,7.1,15,90,4,01067
2020-02-20,12,12,6,8,8,4,11,11,11,37,1022,16,14.1,0.0,5.6,10,94,3,01067
2020-02-21,9,9,4,3,3,5,6,7,11,33,1030,16,0.2,0.0,8.6,2,74,2,01067
2020-02-22,12,12,0,4,4,6,6,7,5,72,1030,9,0.0,0.0,11.2,-2,60,3,01067
2020-02-23,15,15,3,8,8,6,9,10,3,168,1025,6,0.0,0.0,11.2,1,56,4,01067
2020-02-24,20,20,11,14,14,5,15,15,9,169,1015,14,15.4,0.0,5.6,11,78,4,01067
2020-02-25,20,20,16,18,18,5,18,19,6,248,1011,10,18.5,0.0,5.6,16,89,4,01067
2020-02-26,17,17,7,12,12,6,13,14,11,286,1015,17,0.0,0.0,11.3,7,70,4,01067
2020-02-27,10,10,1,2,2,6,5,6,10,322,1024,14,0.0,0.0,11.3,-3,59,3,01067
2020-02-28,14,14,2,6,6,6,8,9,8,267,1024,12,0.2,0.0,11.3,0,61,3,01067
2020-02-29,15,15,4,8,8,6,9,11,8,308,1025,13,0.0,0.0,11.3,3,66,4,01067
2020-03-01,18,18,7,12,12,6,12,14,5,182,1024,9,0.0,0.0,11.3,6,65,4,01067
2020-03-02,20,20,10,14,14,6,14,15,10,192,1018,16,1.0,0.0,7.2,10,77,4,01067
2020-03-03,24,24,16,20,20,6,20,21,11,228,1013,17,4.8,0.0,7.2,17,86,5,01067
2020-03-04,18,18,14,16,16,3,17,17,8,48,1014,13,36.9,0.0,5.7,16,96,4,01067
2020-03-05,16,16,12,13,13,5,14,15,9,155,1014,14,8.5,0.0,5.7,13,93,3,01067
2020-03-06,15,15,8,9,9,5,11,12,12,329,1023,18,0.0,0.0,11.4,4,66,4,01067
2020-03-07,15,15,2,6,6,6,8,9,8,30,1030,12,0.0,0.0,11.4,0,56,3,01067
2020-03-08,17,17,6,10,10,6,11,12,7,117,1032,11,0.0,0.0,11.6,3,57,4,01067
2020-03-09,20,20,9,14,14,5,15,16,8,159,1031,13,0.1,0.0,10.2,10,74,4,01067
2020-03-10,21,21,14,17,17,6,17,18,6,214,1026,10,0.3,0.0,7.4,13,79,4,01067
2020-03-11,23,23,15,18,18,4,19,20,6,229,1021,11,3.6,0.0,6.0,16,86,4,01067
2020-03-12,25,25,15,19,19,4,20,21,8,228,1017,12,0.0,0.0,11.6,16,80,6,01067
2020-03-13,26,26,16,20,20,4,21,22,6,255,1020,9,0.0,0.0,10.2,16,80,5,01067
2020-03-14,27,27,17,21,22,4,22,23,4,152,1024,6,0.0,0.0,11.6,16,74,6,01067
2020-03-15,27,27,17,22,23,6,23,24,4,322,1024,7,0.4,0.0,11.6,16,72,6,01067
2020-03-16,26,26,17,21,21,5,21,22,7,125,1023,11,1.6,0.0,7.4,17,79,5,01067
2020-03-17,25,25,17,20,22,4,22,22,4,228,1022,6,2.2,0.0,7.4,16,79,5,01067
2020-03-18,27,27,17,21,22,6,22,23,7,184,1023,10,0.1,0.0,11.6,17,76,5,01067
2020-03-19,28,28,17,22,23,5,23,24,8,186,1023,12,0.0,0.0,11.6,17,75,6,01067
2020-03-20,27,27,18,22,22,4,22,23,8,214,1024,12,0.3,0.0,7.4,18,83,5,01067
2020-03-21,26,26,17,21,22,4,22,22,6,331,1024,9,0.4,0.0,7.4,17,78,5,01067
2020-03-22,20,20,15,17,17,5,17,17,6,50,1023,9,0.6,0.0,6.1,14,84,4,01067
2020-03-23,26,26,15,20,21,4,21,22,7,219,1021,10,2.0,0.0,7.5,17,84,5,01067
2020-03-24,27,27,18,22,23,3,23,23,11,215,1016,16,0.0,0.0,10.2,17,79,5,01067
2020-03-25,27,27,19,23,24,6,24,24,9,293,1012,14,0.0,0.0,11.6,17,72,6,01067
2020-03-26,28,28,16,22,22,6,22,24,5,172,1015,8,0.0,0.0,11.6,14,64,6,01067
2020-03-27,30,30,18,23,25,4,25,25,7,217,1015,11,0.0,0.0,10.2,18,77,7,01067
2020-03-28,29,29,19,23,24,4,24,25,9,210,1015,14,0.0,0.0,11.6,18,78,7,01067
2020-03-29,29,29,20,24,26,5,26,26,8,254,1018,12,0.0,0.0,8.9,18,75,6,01067
2020-03-30,26,26,16,21,21,6,21,22,6,145,1019,10,0.0,0.0,11.6,8,46,6,01067
2020-03-31,24,24,16,20,20,5,21,21,12,253,1008,18,3.7,0.0,6.4,12,67,5,01067
2020-04-01,20,20,8,12,12,6,13,15,11,337,1014,16,0.0,0.0,11.6,5,58,4,01067
2020-04-02,21,21,7,14,14,6,15,16,4,232,1017,7,0.0,0.0,11.6,5,58,4,01067
2020-04-03,25,25,11,17,17,6,18,20,4,211,1016,7,0.0,0.0,11.6,7,51,5,01067
2020-04-04,27,27,15,21,21,6,21,22,5,324,1015,8,0.0,0.0,11.6,10,54,6,01067
2020-04-05,26,26,17,21,22,6,22,23,4,93,1017,7,0.4,0.0,11.6,13,62,5,01067
2020-04-06,27,27,16,21,22,6,22,23,4,159,1018,7,0.3,0.0,11.6,14,69,6,01067
2020-04-07,27,27,18,21,21,6,21,22,4,231,1017,7,0.6,0.0,9.0,16,76,5,01067
2020-04-08,28,28,19,23,25,6,25,25,10,261,1011,16,2.2,0.0,6.4,20,85,6,01067
2020-04-09,29,29,21,24,26,6,26,26,10,305,1008,15,1.7,0.0,11.6,18,74,7,01067
2020-04-10,19,19,14,16,16,6,17,17,9,240,1015,14,0.6,0.0,6.4,5,50,4,01067
2020-04-11,22,22,8,14,14,6,15,17,6,127,1018,10,0.0,0.0,11.6,3,47,5,01067
2020-04-12,29,29,13,21,22,6,22,24,14,187,1012,22,0.0,0.0,9.0,15,66,5,01067
2020-04-13,27,27,19,23,25,5,25,24,11,280,1013,17,6.3,0.0,11.6,15,68,6,01067
2020-04-14,27,27,13,20,20,6,20,22,6,191,1016,9,0.0,0.0,11.6,13,72,6,01067
2020-04-15,20,20,10,14,14,6,15,15,10,354,1017,15,0.0,0.0,11.6,3,51,5,01067
2020-04-16,21,21,8,13,13,6,14,16,9,57,1022,14,0.0,0.0,11.6,2,46,5,01067
2020-04-17,24,24,11,17,17,6,17,19,7,148,1021,11,0.0,0.0,7.8,9,61,4,01067
2020-04-18,27,27,17,21,22,4,22,23,7,303,1015,11,0.2,0.0,7.8,16,78,5,01067
2020-04-19,27,27,17,21,22,5,22,23,9,223,1010,16,9.4,0.0,7.8,18,81,5,01067
2020-04-20,24,24,15,20,20,5,20,21,11,304,1007,16,33.1,0.0,9.1,15,76,5,01067
2020-04-21,25,25,13,18,18,6,19,21,7,284,1014,11,0.0,0.0,11.6,11,64,6,01067
2020-04-22,25,25,14,19,19,6,19,21,6,103,1018,11,0.0,0.0,11.6,11,61,6,01067
2020-04-23,24,24,17,20,20,5,20,21,14,215,1009,23,22.5,0.0,7.8,15,77,5,01067
2020-04-24,25,25,17,20,20,6,20,22,6,298,1009,10,1.6,0.0,11.6,15,75,6,01067
2020-04-25,28,28,16,21,22,6,22,24,8,211,1011,13,0.0,0.0,11.6,15,68,6,01067
2020-04-26,22,22,14,17,17,6,18,19,10,304,1018,15,0.0,0.0,11.6,9,59,5,01067
2020-04-27,23,23,9,15,15,6,17,18,6,122,1022,9,0.0,0.0,11.6,6,56,5,01067
2020-04-28,26,26,13,19,19,6,20,22,6,171,1020,9,0.0,0.0,11.6,9,54,6,01067
2020-04-29,25,25,15,18,18,5,19,20,13,188,1012,20,13.2,0.0,9.2,15,80,5,01067
2020-04-30,20,20,12,16,16,6,16,17,11,295,1013,16,6.3,0.0,11.6,11,73,5,01067
2020-05-01,24,24,11,17,17,6,18,20,6,301,1018,10,0.0,0.0,11.6,10,63,5,01067
2020-05-02,28,28,14,20,21,6,21,23,3,196,1021,6,0.0,0.0,11.6,11,59,6,01067
2020-05-03,27,27,15,21,21,6,21,23,6,236,1018,11,0.0,0.0,11.6,13,62,6,01067
2020-05-04,29,29,16,22,22,6,22,25,7,244,1015,11,0.0,0.0,11.6,16,71,6,01067
2020-05-05,30,30,17,23,24,4,24,26,8,249,1013,12,0.0,0.0,11.6,18,75,7,01067
2020-05-06,25,25,14,20,20,6,20,22,12,311,1015,17,0.3,0.0,11.6,11,63,6,01067
2020-05-07,21,21,9,14,14,6,15,17,7,335,1020,11,0.0,0.0,11.6,4,52,5,01067
2020-05-08,25,25,11,18,18,6,18,20,11,201,1015,16,0.8,0.0,11.6,10,60,5,01067
2020-05-09,23,23,9,16,16,6,18,17,9,31,1021,14,0.5,0.0,11.6,6,56,5,01067
2020-05-10,26,26,10,18,18,6,19,20,5,150,1021,10,0.0,0.0,10.4,6,47,5,01067
2020-05-11,24,24,12,18,18,6,19,20,8,339,1021,13,0.0,0.0,11.6,7,51,6,01067
2020-05-12,25,25,11,17,17,6,18,20,7,89,1023,11,0.0,0.0,11.6,7,50,6,01067
2020-05-13,29,29,14,21,22,6,22,24,7,139,1022,11,0.0,0.0,11.6,12,59,6,01067
2020-05-14,29,29,18,23,23,6,23,25,9,130,1021,14,0.0,0.0,11.6,14,60,6,01067
2020-05-15,29,29,17,22,23,6,23,24,8,125,1019,12,0.0,0.0,11.6,14,62,6,01067
2020-05-16,30,30,18,24,24,6,24,26,6,133,1016,9,0.0,0.0,11.6,16,63,6,01067
2020-05-17,32,32,19,25,25,6,25,27,4,220,1016,7,2.4,0.0,11.6,16,63,7,01067
2020-05-18,25,25,20,22,23,5,23,23,11,176,1009,18,21.3,0.0,9.3,20,87,5,01067
2020-05-19,28,28,18,22,23,4,23,24,8,266,1009,12,0.6,0.0,10.4,17,74,5,01067
2020-05-20,27,27,18,22,22,5,22,24,7,290,1010,10,6.6,0.0,9.3,16,73,5,01067
2020-05-21,27,27,14,21,22,6,22,23,5,209,1014,9,2.3,0.0,9.3,17,77,5,01067
2020-05-22,31,31,20,25,27,5,27,28,6,214,1017,10,13.2,0.0,10.4,20,80,6,01067
2020-05-23,32,32,20,26,27,4,27,28,4,233,1017,7,3.7,0.0,11.6,19,71,7,01067
2020-05-24,31,31,20,25,27,6,27,28,6,108,1016,9,0.4,0.0,10.4,18,63,7,01067
2020-05-25,28,28,21,24,26,5,26,26,8,110,1015,13,6.4,0.0,10.4,20,80,6,01067
2020-05-26,23,23,12,20,20,5,22,22,9,86,1014,15,6.3,0.0,7.0,20,90,5,01067
2020-05-27,28,28,20,23,24,5,24,24,6,100,1013,10,10.0,0.0,8.2,21,87,5,01067
2020-05-28,31,31,21,25,27,4,27,28,6,237,1015,10,6.8,0.0,9.3,20,74,6,01067
2020-05-29,31,31,21,26,28,5,28,27,5,233,1016,7,1.5,0.0,11.6,20,76,7,01067
2020-05-30,31,31,21,25,27,5,27,27,5,323,1016,9,2.6,0.0,9.3,19,73,6,01067
2020-05-31,30,30,20,25,25,6,25,27,6,219,1017,10,0.0,0.0,11.6,16,62,7,01067
2020-06-01,30,30,20,25,26,6,26,27,9,92,1020,14,0.4,0.0,9.3,18,69,6,01067
2020-06-02,30,30,22,25,27,6,27,27,8,114,1020,11,0.0,0.0,11.6,17,63,7,01067
2020-06-03,30,30,21,24,26,6,26,26,5,145,1017,7,0.5,0.0,9.3,18,71,6,01067
2020-06-04,32,32,21,25,26,5,26,27,4,192,1014,6,4.0,0.0,9.3,20,77,6,01067
2020-06-05,32,32,21,26,27,6,27,28,6,215,1015,9,1.0,0.0,11.6,20,72,7,01067
2020-06-06,27,27,22,24,26,5,26,25,7,155,1015,11,0.2,0.0,9.3,21,83,6,01067
2020-06-07,28,28,22,24,27,5,27,25,12,113,1012,19,28.8,0.0,8.2,22,88,6,01067
2020-06-08,32,32,23,26,29,5,29,28,12,176,1011,20,12.1,0.0,8.2,22,80,6,01067
2020-06-09,31,31,22,26,29,5,29,28,9,202,1014,13,5.2,0.0,7.1,22,80,6,01067
2020-06-10,31,31,22,26,29,5,29,28,8,216,1015,13,3.5,0.0,9.3,23,83,6,01067
2020-06-11,30,30,20,25,26,5,26,26,7,318,1018,11,0.2,0.0,11.6,19,71,7,01067
2020-06-12,32,32,19,25,26,6,26,27,6,234,1017,10,0.3,0.0,11.6,17,63,7,01067
2020-06-13,30,30,21,25,27,5,27,27,8,74,1017,13,3.3,0.0,8.2,19,70,6,01067
2020-06-14,30,30,19,25,25,6,25,26,8,56,1019,11,0.1,0.0,11.6,16,62,7,01067
2020-06-15,30,30,19,24,25,6,25,26,6,141,1019,9,0.1,0.0,11.6,16,64,7,01067
2020-06-16,26,26,18,22,23,6,23,23,7,51,1020,11,0.2,0.0,10.5,15,66,6,01067
2020-06-17,29,29,16,23,23,6,23,25,3,269,1019,5,0.0,0.0,11.6,15,65,6,01067
2020-06-18,29,29,19,24,25,6,25,26,3,253,1017,4,0.0,0.0,11.6,16,65,7,01067
2020-06-19,32,32,20,26,27,5,27,28,3,185,1017,5,1.5,0.0,10.5,18,65,6,01067
2020-06-20,33,33,21,26,28,6,28,29,3,302,1017,5,0.4,0.0,11.6,18,61,7,01067
2020-06-21,32,32,22,27,29,6,29,29,5,238,1016,8,0.0,0.0,11.6,19,65,7,01067
2020-06-22,30,30,22,26,29,5,29,28,6,226,1016,10,8.9,0.0,9.3,21,78,6,01067
2020-06-23,31,31,22,26,29,5,29,28,10,254,1014,15,6.6,0.0,7.1,22,78,6,01067
2020-06-24,31,31,22,25,27,5,27,26,8,264,1015,13,8.2,0.0,11.6,21,82,6,01067
2020-06-25,27,27,20,24,27,6,27,26,6,316,1019,9,1.5,0.0,9.3,22,84,6,01067
2020-06-26,32,32,22,27,29,6,29,29,5,264,1021,8,0.9,0.0,11.6,21,73,6,01067
2020-06-27,31,31,22,26,29,6,29,29,4,224,1019,7,2.1,0.0,10.5,21,71,6,01067
2020-06-28,34,34,23,28,31,6,31,30,7,246,1016,11,0.2,0.0,11.6,21,71,7,01067
2020-06-29,34,34,23,29,32,5,32,30,7,269,1016,10,0.5,0.0,11.6,22,74,7,01067
2020-06-30,33,33,23,28,31,5,31,30,7,277,1015,11,1.6,0.0,10.5,23,77,6,01067
2020-07-01,34,34,23,28,31,6,31,30,8,277,1013,12,0.0,0.0,11.6,21,70,7,01067
2020-07-02,30,30,23,25,28,5,28,26,6,277,1012,11,19.9,0.0,9.3,22,85,6,01067
2020-07-03,33,33,23,28,30,6,30,30,5,95,1012,8,1.9,0.0,10.5,22,73,6,01067
2020-07-04,33,33,22,27,30,6,30,29,5,111,1011,8,0.1,0.0,11.6,21,71,7,01067
2020-07-05,33,33,23,27,29,6,29,30,5,87,1012,7,1.3,0.0,10.5,20,68,7,01067
2020-07-06,30,30,22,25,28,4,28,27,5,199,1013,9,15.9,0.0,9.3,22,84,6,01067
2020-07-07,30,30,22,26,28,5,28,27,7,238,1014,11,7.2,0.0,7.0,22,84,6,01067
2020-07-08,31,31,22,26,30,5,30,28,8,303,1013,11,3.0,0.0,9.3,23,81,6,01067
2020-07-09,32,32,22,27,30,5,30,28,6,293,1012,10,2.8,0.0,10.5,22,78,6,01067
2020-07-10,34,34,24,28,32,6,32,30,7,298,1013,11,1.2,0.0,11.6,23,75,8,01067
2020-07-11,34,34,24,28,30,5,30,30,8,329,1012,12,0.0,0.0,11.6,20,67,8,01067
2020-07-12,35,35,22,28,30,6,30,30,5,305,1011,9,1.0,0.0,11.6,19,63,8,01067
2020-07-13,35,35,23,29,32,6,32,31,5,289,1011,8,1.8,0.0,11.6,21,68,8,01067
2020-07-14,34,34,24,29,32,6,32,31,4,196,1014,6,2.3,0.0,7.0,22,70,7,01067
2020-07-15,33,33,24,28,32,5,32,30,3,194,1016,6,5.3,0.0,8.2,23,74,7,01067
2020-07-16,34,34,23,28,31,5,31,31,4,138,1018,6,1.4,0.0,11.6,21,70,8,01067
2020-07-17,34,34,23,28,31,6,31,30,7,94,1019,10,0.3,0.0,11.6,20,65,8,01067
2020-07-18,34,34,24,29,31,6,31,31,5,107,1018,8,0.1,0.0,11.6,20,62,8,01067
2020-07-19,34,34,24,29,31,6,31,31,4,104,1016,6,0.1,0.0,9.3,21,63,7,01067
2020-07-20,34,34,24,29,32,6,32,32,4,108,1016,7,0.5,0.0,10.4,21,64,7,01067
2020-07-21,34,34,24,29,32,6,32,31,3,190,1016,6,0.1,0.0,9.3,21,67,7,01067
2020-07-22,34,34,23,28,31,6,31,30,6,115,1017,8,1.3,0.0,10.4,21,69,8,01067
2020-07-23,32,32,23,27,30,5,30,29,8,118,1017,12,7.8,0.0,8.1,23,80,6,01067
2020-07-24,33,33,22,27,30,4,30,29,7,122,1018,10,0.0,0.0,11.6,21,74,7,01067
2020-07-25,34,34,23,28,31,6,31,30,6,119,1018,9,0.0,0.0,11.6,21,66,8,01067
2020-07-26,33,33,23,28,30,6,30,30,5,103,1018,7,0.0,0.0,11.6,20,65,7,01067
2020-07-27,34,34,24,28,30,6,30,30,5,178,1017,8,0.0,0.0,11.6,21,67,8,01067
2020-07-28,27,27,20,24,26,5,26,25,5,214,1016,9,3.8,0.0,9.3,22,87,5,01067
2020-07-29,30,30,23,26,29,4,29,27,8,233,1016,15,12.8,0.0,8.1,23,83,6,01067
2020-07-30,34,34,23,28,31,6,31,30,9,259,1015,14,1.4,0.0,10.4,22,72,6,01067
2020-07-31,34,34,24,29,32,6,32,31,8,242,1014,12,1.5,0.0,9.3,22,71,7,01067
2020-08-01,34,34,22,28,30,4,30,30,7,229,1014,11,0.0,0.0,11.6,21,69,8,01067
2020-08-02,37,37,23,29,31,5,31,32,3,187,1013,5,0.0,0.0,11.6,20,63,8,01067
2020-08-03,35,35,25,30,32,6,32,32,4,283,1012,6,1.3,0.0,11.6,19,57,8,01067
2020-08-04,34,34,23,28,30,6,30,30,4,283,1013,7,1.7,0.0,11.6,19,62,8,01067
2020-08-05,35,35,24,29,31,6,31,31,4,144,1014,7,1.2,0.0,11.6,19,58,8,01067
2020-08-06,34,34,23,28,30,6,30,30,5,208,1015,8,1.7,0.0,10.4,21,69,6,01067
2020-08-07,34,34,23,28,30,6,30,30,5,233,1017,9,0.3,0.0,11.6,20,64,8,01067
2020-08-08,34,34,23,28,31,5,31,30,4,240,1019,7,4.9,0.0,9.1,21,70,7,01067
2020-08-09,35,35,23,28,31,5,31,31,4,265,1019,7,2.4,0.0,9.1,21,69,7,01067
2020-08-10,35,35,24,29,32,6,32,31,4,288,1017,7,1.4,0.0,11.6,21,69,7,01067
2020-08-11,35,35,24,29,32,5,32,31,6,292,1014,10,1.4,0.0,10.4,22,69,7,01067
2020-08-12,37,37,24,29,32,6,32,32,4,306,1014,7,1.7,0.0,11.6,22,68,8,01067
2020-08-13,35,35,24,29,32,5,32,31,5,257,1014,9,5.4,0.0,11.6,22,71,7,01067
2020-08-14,32,32,24,27,30,5,30,29,7,214,1013,11,5.6,0.0,7.8,23,80,6,01067
2020-08-15,31,31,23,26,29,5,29,28,6,252,1011,11,11.1,0.0,7.8,23,82,6,01067
2020-08-16,33,33,22,27,29,5,29,29,7,330,1012,11,1.0,0.0,11.6,20,69,7,01067
2020-08-17,34,34,24,29,31,6,31,31,4,110,1013,7,1.5,0.0,11.6,20,63,8,01067
2020-08-18,35,35,23,28,30,5,30,30,4,274,1012,7,6.0,0.0,10.3,20,67,7,01067
2020-08-19,32,32,23,27,30,5,30,29,4,125,1010,7,10.3,0.0,11.6,21,71,6,01067
2020-08-20,31,31,22,25,28,5,28,28,5,149,1011,8,12.3,0.0,9.1,21,79,6,01067
2020-08-21,30,30,21,25,27,6,27,27,5,208,1012,8,2.6,0.0,7.8,21,81,6,01067
2020-08-22,30,30,22,25,27,4,27,27,6,152,1014,9,10.2,0.0,7.8,21,83,6,01067
2020-08-23,29,29,22,24,27,4,27,26,7,151,1017,10,1.0,0.0,9.1,21,84,6,01067
2020-08-24,27,27,21,24,26,4,26,24,7,43,1016,13,19.2,0.0,6.5,23,92,5,01067
2020-08-25,33,33,23,27,31,4,31,29,7,142,1016,11,1.1,0.0,7.8,23,80,6,01067
2020-08-26,33,33,25,28,31,6,31,30,7,117,1016,10,0.2,0.0,11.6,23,74,7,01067
2020-08-27,32,32,24,27,31,5,31,29,7,162,1015,11,4.1,0.0,7.8,23,80,6,01067
2020-08-28,32,32,24,27,31,5,31,29,8,205,1015,13,8.3,0.0,9.0,23,80,6,01067
2020-08-29,31,31,24,27,30,5,30,28,8,242,1013,12,8.5,0.0,10.3,23,80,6,01067
2020-08-30,32,32,24,26,29,3,29,28,5,243,1010,9,19.0,0.0,10.3,23,84,6,01067
2020-08-31,32,32,23,27,30,5,30,29,5,277,1011,9,10.0,0.0,9.0,23,80,6,01067
2020-09-01,32,32,24,27,32,4,32,29,5,262,1014,9,9.8,0.0,6.4,24,83,6,01067
2020-09-02,33,33,23,27,30,4,30,29,5,274,1015,8,0.0,0.0,11.6,22,76,7,01067
2020-09-03,33,33,23,28,31,4,31,30,5,281,1015,8,0.0,0.0,11.6,21,69,7,01067
2020-09-04,34,34,23,28,30,6,30,30,4,326,1017,7,0.0,0.0,11.6,19,61,7,01067
2020-09-05,33,33,24,28,30,6,30,30,6,232,1019,11,0.0,0.0,11.6,19,61,7,01067
2020-09-06,31,31,21,25,27,6,27,27,8,57,1018,13,0.0,0.0,11.6,17,61,7,01067
2020-09-07,31,31,20,25,26,6,26,27,7,65,1014,11,0.0,0.0,11.6,17,65,7,01067
