date,tempC,maxtempC,mintempC,WindChillC,FeelsLikeC,visibilityMiles,HeatIndexC,avgtempC,windspeedMiles,winddirDegree,pressure,WindGustMiles,precipMM,totalSnow_cm,sunHour,DewPointC,humidity,uvIndex,fips
2019-01-01,-8,-8,-9,-13,-13,3,-7,-8,10,346,1016,15,6.7,0.0,8.7,-10,80,2,26031
2019-01-02,-8,-8,-11,-14,-14,3,-10,-9,6,169,1023,13,2.9,2.0,3.3,-12,78,1,26031
2019-01-03,-3,-3,-7,-10,-10,3,-4,-4,12,244,1008,22,2.0,1.7,3.3,-7,83,1,26031
2019-01-04,-2,-2,-3,-7,-7,6,-2,-2,8,266,1003,16,0.0,0.0,8.7,-4,84,1,26031
2019-01-05,-1,-1,-3,-5,-5,6,-2,-2,6,237,1010,13,0.2,0.0,3.3,-3,90,1,26031
2019-01-06,-3,-3,-4,-6,-6,6,-2,-3,7,40,1022,14,0.1,0.0,6.9,-5,83,1,26031
2019-01-07,-2,-2,-4,-7,-7,3,-2,-3,11,140,1019,28,31.7,9.8,3.3,-3,90,1,26031
2019-01-08,-1,-1,-4,-6,-6,4,-2,-2,9,269,1010,19,3.1,0.0,3.4,-3,89,1,26031
2019-01-09,-5,-5,-6,-10,-10,0,-5,-5,10,321,1019,26,2.8,0.0,3.4,-7,83,1,26031
2019-01-10,-5,-5,-11,-10,-10,3,-6,-8,5,340,1025,18,0.8,0.3,3.4,-8,86,1,26031
2019-01-11,-7,-7,-11,-13,-13,5,-10,-9,3,91,1031,7,0.1,0.1,3.4,-11,81,1,26031
2019-01-12,-6,-6,-9,-12,-12,5,-8,-8,5,73,1035,14,0.2,0.0,3.4,-10,83,1,26031
2019-01-13,-6,-6,-12,-10,-10,6,-8,-8,2,102,1033,10,0.0,0.0,3.4,-11,82,1,26031
2019-01-14,-3,-3,-8,-10,-10,4,-6,-5,5,260,1023,16,0.5,0.3,3.4,-7,87,1,26031
2019-01-15,-3,-3,-4,-6,-6,4,-3,-3,5,240,1015,17,1.3,0.3,5.2,-4,89,1,26031
2019-01-16,-9,-9,-10,-15,-15,3,-9,-9,9,324,1022,20,1.0,0.0,3.4,-12,77,1,26031
2019-01-17,-6,-6,-13,-12,-12,5,-9,-9,4,196,1022,11,0.4,0.1,5.2,-11,80,1,26031
2019-01-18,-9,-9,-11,-15,-15,4,-10,-10,6,317,1021,18,0.7,0.4,3.4,-13,77,1,26031
2019-01-19,-16,-16,-18,-23,-23,5,-17,-17,6,50,1029,13,0.1,0.0,5.2,-19,79,1,26031
2019-01-20,-19,-19,-21,-27,-27,6,-20,-20,6,238,1029,16,0.0,0.0,3.4,-23,71,1,26031
2019-01-21,-13,-13,-21,-20,-20,6,-17,-16,2,282,1034,10,0.0,0.0,6.9,-20,76,1,26031
2019-01-22,-8,-8,-13,-16,-16,3,-11,-10,5,165,1024,14,6.7,5.0,3.5,-14,77,1,26031
2019-01-23,-6,-6,-7,-10,-10,2,-6,-7,5,136,1012,10,5.5,3.2,3.5,-9,85,1,26031
2019-01-24,-6,-6,-10,-12,-12,3,-8,-8,6,285,1010,8,2.2,1.4,3.5,-10,80,1,26031
2019-01-25,-14,-14,-17,-21,-21,2,-14,-15,9,315,1016,15,2.7,1.7,3.5,-18,71,1,26031
2019-01-26,-15,-15,-22,-22,-22,3,-16,-17,5,209,1020,13,1.5,0.9,3.5,-20,74,1,26031
2019-01-27,-19,-19,-20,-25,-25,4,-18,-20,7,297,1015,15,0.8,0.3,3.5,-23,69,1,26031
2019-01-28,-19,-19,-23,-30,-30,2,-20,-21,10,70,1018,20,4.9,1.0,3.5,-23,78,1,26031
2019-01-29,-13,-13,-21,-23,-23,2,-16,-17,6,179,1007,10,4.1,3.8,3.5,-20,75,1,26031
2019-01-30,-19,-19,-21,-28,-28,0,-19,-20,13,303,1010,19,5.7,2.6,3.5,-23,68,1,26031
2019-01-31,-18,-18,-21,-28,-28,4,-19,-19,11,267,1022,19,0.9,0.5,9.4,-23,68,2,26031
2019-02-01,-14,-14,-21,-21,-21,5,-17,-17,5,230,1025,11,0.3,0.1,4.9,-19,76,1,26031
2019-02-02,-3,-3,-7,-10,-10,4,-5,-4,7,276,1016,16,0.5,0.4,6.6,-7,87,1,26031
2019-02-03,-1,-1,-3,-6,-6,1,-2,-2,6,234,1010,11,3.3,0.0,5.0,-3,92,1,26031
2019-02-04,4,4,-3,-4,-4,3,0,0,9,165,1005,18,21.2,0.0,5.0,-1,92,1,26031
2019-02-05,-12,-12,-16,-18,-18,6,-11,-13,9,143,1023,13,0.2,0.0,8.3,-14,83,1,26031
2019-02-06,-8,-8,-11,-16,-16,5,-9,-9,11,77,1023,16,1.7,0.4,5.0,-10,92,1,26031
2019-02-07,-1,-1,-7,-10,-10,5,-3,-4,13,88,1011,21,7.8,0.8,5.0,-4,95,1,26031
2019-02-08,-13,-13,-14,-22,-22,1,-12,-13,16,275,1020,34,2.6,0.0,5.0,-16,73,1,26031
2019-02-09,-12,-12,-17,-20,-20,11,-14,-14,5,276,1042,16,0.6,0.4,5.0,-16,78,1,26031
2019-02-10,-7,-7,-12,-10,-10,6,-9,-9,2,127,1034,5,1.4,0.3,5.1,-12,82,1,26031
2019-02-11,-6,-6,-9,-13,-13,7,-8,-8,8,83,1029,17,0.3,0.1,6.7,-10,82,1,26031
2019-02-12,-7,-7,-9,-15,-15,2,-7,-8,16,84,1011,28,13.0,4.5,5.3,-9,85,1,26031
2019-02-13,-6,-6,-7,-13,-13,4,-6,-6,11,308,1004,17,10.5,11.1,5.3,-9,82,1,26031
2019-02-14,-2,-2,-10,-9,-9,4,-5,-5,5,125,1006,13,9.7,5.6,5.3,-6,87,1,26031
2019-02-15,-5,-5,-7,-11,-11,3,-5,-6,11,297,1006,24,14.0,4.8,5.3,-7,84,1,26031
2019-02-16,-8,-8,-10,-13,-13,9,-8,-9,7,326,1020,11,0.0,0.0,10.0,-12,76,1,26031
2019-02-17,-8,-8,-15,-14,-14,8,-10,-10,6,70,1022,12,0.0,0.0,5.4,-13,80,1,26031
2019-02-18,-10,-10,-13,-15,-15,6,-11,-11,5,217,1027,11,0.0,0.0,10.7,-14,79,2,26031
2019-02-19,-8,-8,-15,-13,-13,6,-10,-10,5,236,1031,10,0.1,0.0,6.9,-13,82,1,26031
2019-02-20,-5,-5,-14,-12,-12,4,-8,-7,6,116,1021,16,4.4,0.9,5.4,-9,86,1,26031
2019-02-21,-2,-2,-4,-7,-7,1,-2,-3,8,272,1017,20,4.9,3.4,5.4,-5,86,1,26031
2019-02-22,0,0,-9,-6,-6,6,-4,-3,4,236,1027,9,0.1,0.0,8.5,-6,87,1,26031
2019-02-23,0,0,-8,-6,-6,9,-3,-2,7,113,1020,15,0.4,0.1,5.5,-4,90,1,26031
2019-02-24,0,0,-5,-8,-8,1,-1,-1,17,244,996,33,25.3,0.0,5.5,-3,87,1,26031
2019-02-25,-11,-11,-14,-20,-20,1,-11,-12,15,289,1022,29,2.8,0.1,5.5,-15,70,1,26031
2019-02-26,-9,-9,-17,-19,-19,6,-13,-13,6,296,1032,12,0.1,0.0,5.5,-16,74,1,26031
2019-02-27,-9,-9,-16,-18,-18,2,-11,-11,7,86,1025,8,5.1,4.3,5.5,-14,78,1,26031
2019-02-28,-8,-8,-15,-15,-15,4,-10,-10,6,230,1025,11,0.0,0.0,8.6,-13,79,1,26031
2019-03-01,-6,-6,-14,-14,-14,5,-9,-9,7,269,1021,9,0.0,0.0,10.1,-12,81,2,26031
2019-03-02,-8,-8,-15,-15,-15,3,-9,-9,10,326,1015,11,4.2,3.7,5.6,-12,79,1,26031
2019-03-03,-12,-12,-15,-20,-20,4,-13,-14,9,275,1023,13,2.2,1.3,11.2,-16,78,2,26031
2019-03-04,-13,-13,-18,-23,-23,5,-15,-15,8,263,1018,11,0.3,0.2,5.6,-18,82,1,26031
2019-03-05,-10,-10,-15,-20,-20,2,-13,-12,10,273,1014,14,2.2,1.6,5.6,-15,84,1,26031
2019-03-06,-10,-10,-20,-22,-22,6,-15,-14,8,267,1022,14,0.0,0.0,10.1,-17,85,1,26031
2019-03-07,-9,-9,-16,-19,-19,5,-13,-11,8,285,1026,14,0.2,0.1,7.1,-14,89,1,26031
2019-03-08,-3,-3,-14,-15,-15,6,-9,-7,8,253,1024,14,0.0,0.0,10.1,-11,86,1,26031
2019-03-09,0,0,-9,-9,-9,4,-4,-3,12,114,1019,18,0.0,0.0,11.3,-6,88,2,26031
2019-03-10,1,1,-4,-6,-6,0,0,1,18,265,1000,26,20.8,4.1,5.7,-1,92,1,26031
2019-03-11,-2,-2,-7,-10,-10,1,-3,-3,15,291,1020,23,2.9,0.5,5.9,-6,83,1,26031
2019-03-12,1,1,-10,-9,-9,4,-4,-3,8,230,1024,14,0.0,0.0,11.6,-5,91,2,26031
2019-03-13,3,3,-3,-2,-2,2,1,2,8,170,1015,14,10.6,0.0,5.9,1,94,1,26031
2019-03-14,10,10,3,2,2,4,6,7,13,170,1000,27,5.0,0.0,6.0,5,96,2,26031
2019-03-15,0,0,-3,-6,-6,1,0,0,17,289,1003,24,3.1,0.9,6.0,-3,84,1,26031
2019-03-16,-4,-4,-8,-12,-12,5,-6,-5,13,303,1021,19,1.2,0.8,6.0,-8,80,1,26031
2019-03-17,0,0,-8,-8,-8,10,-4,-2,7,267,1024,12,0.1,0.0,7.4,-6,82,1,26031
2019-03-18,0,0,-8,-8,-8,11,-4,-3,7,257,1027,11,0.0,0.0,6.0,-6,82,1,26031
2019-03-19,3,3,-4,-4,-4,6,-1,0,7,237,1026,12,0.0,0.0,8.8,-3,85,1,26031
2019-03-20,5,5,0,-1,-1,5,2,3,9,209,1016,17,4.6,0.0,6.0,-1,82,1,26031
2019-03-21,2,2,-2,-2,-2,3,1,1,7,270,1012,12,0.5,0.0,6.1,0,93,1,26031
2019-03-22,-2,-2,-5,-9,-9,5,-3,-3,14,340,1017,21,0.5,0.7,10.2,-6,79,1,26031
2019-03-23,2,2,-6,-7,-7,6,-2,-1,11,257,1022,18,0.0,0.0,11.6,-5,81,2,26031
2019-03-24,1,1,-4,-6,-6,5,-1,-1,11,128,1021,18,0.7,0.3,6.1,-3,83,1,26031
2019-03-25,0,0,-6,-8,-8,6,-3,-3,9,300,1028,14,0.0,0.0,11.6,-8,69,2,26031
2019-03-26,2,2,-5,-5,-5,6,-2,-1,6,265,1030,10,0.0,0.0,11.6,-7,70,1,26031
2019-03-27,5,5,-2,-2,-2,6,2,2,11,198,1022,22,0.8,0.0,8.9,-4,67,1,26031
2019-03-28,5,5,-2,-1,-1,11,3,4,12,294,1015,23,0.8,0.0,6.4,1,81,1,26031
2019-03-29,3,3,-3,-3,-3,12,-1,1,4,105,1021,7,0.0,0.0,11.6,-6,69,2,26031
2019-03-30,-1,-1,-5,-8,-8,11,-2,-1,14,319,1018,19,0.0,0.0,11.6,-7,69,1,26031
2019-03-31,-2,-2,-7,-12,-12,3,-5,-4,17,328,1021,21,0.9,0.0,7.7,-9,70,1,26031
2019-04-01,3,3,-4,-6,-6,5,-1,0,10,252,1023,15,0.5,0.3,10.3,-6,69,2,26031
2019-04-02,4,4,-2,-2,-2,4,2,3,10,249,1012,17,3.4,2.0,7.7,0,83,1,26031
2019-04-03,1,1,-2,-6,-6,2,0,0,15,283,1018,23,2.8,0.8,6.5,-5,70,1,26031
2019-04-04,2,2,-4,-5,-5,6,-1,0,7,81,1031,11,0.0,0.0,10.3,-7,65,1,26031
2019-04-05,3,3,-1,-2,-2,4,1,1,7,200,1022,11,4.9,0.1,6.5,-2,84,1,26031
2019-04-06,7,7,0,2,2,2,4,5,5,271,1021,10,2.3,0.0,6.5,3,95,1,26031
2019-04-07,9,9,4,2,2,3,6,7,11,93,1015,21,8.0,0.0,6.5,5,94,2,26031
2019-04-08,7,7,3,2,2,4,5,6,9,273,1006,17,19.6,0.0,6.5,4,92,2,26031
2019-04-09,4,4,1,-1,-1,4,3,3,10,288,1008,16,16.7,2.6,6.6,1,90,1,26031
2019-04-10,2,2,-1,-3,-3,5,0,1,7,43,1020,11,0.3,0.3,10.3,-4,72,1,26031
2019-04-11,1,1,-7,-7,-7,4,-1,-1,19,88,1022,27,10.2,4.1,7.8,-4,77,1,26031
2019-04-12,7,7,1,-2,-2,5,3,4,17,203,1006,29,16.9,0.0,6.8,1,86,1,26031
2019-04-13,3,3,0,-4,-4,3,1,2,15,253,1014,24,0.4,0.1,8.0,-2,79,1,26031
2019-04-14,2,2,-2,-3,-3,5,0,1,8,67,1013,12,1.8,0.5,6.8,-3,80,1,26031
2019-04-15,5,5,-1,-2,-2,5,2,3,10,312,1012,16,2.5,1.7,11.6,-3,71,2,26031
2019-04-16,4,4,-1,0,0,4,3,3,7,112,1017,13,0.9,0.0,6.9,-2,73,1,26031
2019-04-17,7,7,0,0,0,5,4,5,12,104,1016,22,14.9,0.0,10.4,0,78,2,26031
2019-04-18,7,7,3,3,3,5,6,7,10,279,1001,19,20.3,0.0,6.9,5,91,2,26031
2019-04-19,9,9,2,1,1,6,5,5,11,12,1012,20,0.1,0.0,11.6,0,74,3,26031
2019-04-20,10,10,1,3,3,6,5,6,6,50,1012,13,0.0,0.0,11.6,-2,60,3,26031
2019-04-21,6,6,5,3,3,5,5,6,6,178,1015,13,2.6,0.0,6.9,-2,62,2,26031
2019-04-22,12,12,5,6,6,6,8,10,8,65,1017,16,0.1,0.0,9.3,4,75,2,26031
2019-04-23,7,7,3,2,2,5,5,6,12,327,1012,22,15.1,0.0,8.1,3,84,2,26031
2019-04-24,10,10,1,3,3,6,5,7,6,264,1014,11,0.0,0.0,11.6,-1,67,3,26031
2019-04-25,11,11,5,5,5,5,7,9,7,273,1009,15,5.4,0.0,9.3,3,77,2,26031
2019-04-26,10,10,0,2,2,4,6,7,14,313,1004,25,1.4,0.0,9.3,2,80,2,26031
2019-04-27,4,4,-1,-4,-4,5,1,2,15,318,1012,21,0.0,0.0,8.2,-6,61,1,26031
2019-04-28,7,7,-1,1,1,6,3,4,5,196,1022,9,0.0,0.0,11.6,-4,62,2,26031
2019-04-29,5,5,1,-1,-1,6,3,4,12,108,1025,20,1.5,0.0,7.1,-3,65,1,26031
2019-04-30,6,6,1,0,0,6,4,4,10,90,1028,17,2.0,0.0,10.5,0,76,1,26031
2019-05-01,3,3,-4,-3,-3,4,2,2,18,72,1022,29,16.4,0.0,7.1,0,85,1,26031
2019-05-02,5,5,1,1,1,5,3,4,5,108,1022,9,0.3,0.0,7.1,2,92,1,26031
2019-05-03,10,10,2,4,4,4,5,7,5,332,1019,9,0.0,0.0,11.6,2,78,3,26031
2019-05-04,11,11,2,6,6,6,6,8,3,255,1015,6,0.0,0.0,11.6,2,75,3,26031
2019-05-05,13,13,5,6,6,6,8,11,9,257,1011,18,0.5,0.0,9.4,5,79,3,26031
2019-05-06,10,10,2,3,3,4,5,6,6,285,1017,11,5.1,0.0,8.3,1,77,2,26031
2019-05-07,9,9,1,1,1,6,4,6,7,218,1027,13,0.0,0.0,11.6,-3,59,3,26031
2019-05-08,8,8,0,0,0,5,4,6,12,104,1026,23,1.7,0.0,9.4,-3,62,2,26031
2019-05-09,8,8,3,0,0,3,5,5,14,94,1009,25,41.1,0.0,7.2,4,95,1,26031
2019-05-10,8,8,2,0,0,6,4,5,12,298,1015,19,0.2,0.0,9.4,0,78,1,26031
2019-05-11,9,9,2,4,4,6,5,7,5,108,1021,9,0.0,0.0,10.5,0,69,2,26031
2019-05-12,9,9,3,3,3,6,6,7,8,84,1015,15,0.0,0.0,11.6,0,65,3,26031
2019-05-13,10,10,3,5,5,6,7,8,6,33,1013,11,0.1,0.0,10.5,2,72,2,26031
2019-05-14,13,13,4,6,6,6,8,10,7,270,1014,15,0.0,0.0,14.5,3,70,3,26031
2019-05-15,13,13,6,8,8,5,10,10,9,306,1012,19,2.5,0.0,13.5,4,75,4,26031
2019-05-16,12,12,3,5,5,5,7,9,9,236,1009,19,12.5,0.0,9.4,4,82,2,26031
2019-05-17,10,10,3,4,4,6,7,8,9,310,1013,16,0.0,0.0,13.5,2,75,3,26031
2019-05-18,6,6,-1,1,1,4,4,5,10,103,1016,18,4.2,0.0,10.4,2,84,1,26031
2019-05-19,7,7,-1,1,1,4,5,6,14,82,1006,25,37.2,0.0,9.4,5,98,2,26031
2019-05-20,10,10,4,3,3,4,6,7,10,331,1012,18,2.2,0.0,12.5,3,81,2,26031
2019-05-21,13,13,3,7,7,6,8,10,4,193,1022,8,0.0,0.0,13.5,2,70,2,26031
2019-05-22,12,12,7,5,5,5,9,9,14,113,1017,29,3.4,0.0,12.5,4,72,2,26031
2019-05-23,12,12,7,7,7,4,9,10,11,267,1012,22,3.8,0.0,13.4,8,91,3,26031
2019-05-24,12,12,3,6,6,4,8,9,8,99,1020,15,0.0,0.0,15.5,5,84,3,26031
2019-05-25,17,17,8,11,11,5,12,13,10,246,1010,21,7.8,0.0,14.5,10,89,3,26031
2019-05-26,15,15,6,9,9,6,10,11,5,304,1018,11,0.0,0.0,15.6,6,76,4,26031
2019-05-27,9,9,4,4,4,5,7,8,10,86,1019,19,7.7,0.0,14.5,4,82,2,26031
2019-05-28,12,12,5,5,5,4,7,8,6,171,1010,12,15.1,0.0,14.6,6,91,2,26031
2019-05-29,14,14,6,8,8,4,10,12,7,264,1007,15,0.0,0.0,15.6,6,79,4,26031
2019-05-30,15,15,8,9,9,6,11,13,11,282,1006,23,0.0,0.0,15.6,5,72,4,26031
2019-05-31,13,13,3,6,6,6,8,10,5,87,1010,10,0.6,0.0,14.6,2,68,3,26031
2019-06-01,13,13,4,7,7,6,8,10,4,81,1009,9,0.5,0.0,15.7,4,73,3,26031
2019-06-02,10,10,4,4,4,6,7,9,12,313,1013,21,0.0,0.0,15.7,0,60,3,26031
2019-06-03,11,11,3,3,3,6,6,8,10,270,1019,19,0.0,0.0,15.7,1,67,3,26031
2019-06-04,14,14,6,8,8,6,9,11,6,193,1013,13,0.4,0.0,13.7,5,75,3,26031
2019-06-05,10,10,6,5,5,5,7,8,8,69,1008,16,5.6,0.0,13.7,6,92,2,26031
2019-06-06,15,15,5,9,9,6,10,12,3,164,1013,7,0.0,0.0,15.7,6,76,4,26031
2019-06-07,17,17,7,11,11,6,12,14,4,92,1017,9,0.0,0.0,15.7,6,70,4,26031
2019-06-08,18,18,10,12,12,6,13,15,9,105,1020,19,0.0,0.0,15.8,7,66,4,26031
2019-06-09,16,16,9,10,10,8,11,13,10,102,1019,21,9.9,0.0,13.7,8,83,3,26031
2019-06-10,13,13,8,8,8,4,10,10,11,297,1013,22,36.1,0.0,12.8,8,87,2,26031
2019-06-11,15,15,7,10,10,9,11,13,7,265,1018,14,0.0,0.0,15.8,5,66,4,26031
2019-06-12,10,10,9,9,9,6,9,10,3,242,1014,7,16.1,0.0,12.8,8,93,2,26031
2019-06-13,13,13,8,7,7,4,10,10,10,234,1010,21,11.6,0.0,14.6,6,83,3,26031
2019-06-14,16,16,6,9,9,9,11,14,13,224,1009,22,31.9,0.0,14.6,9,81,3,26031
2019-06-15,15,15,10,11,11,4,13,12,10,315,1009,16,15.0,0.0,14.6,9,82,3,26031
2019-06-16,14,14,8,10,10,9,11,12,6,102,1014,10,0.0,0.0,15.8,7,76,4,26031
2019-06-17,17,17,9,13,13,9,13,15,4,144,1016,7,0.0,0.0,15.8,8,73,4,26031
2019-06-18,17,17,12,13,13,9,13,15,4,301,1013,7,0.5,0.0,15.6,12,89,3,26031
2019-06-19,17,17,11,14,14,6,14,15,5,56,1010,9,0.2,0.0,15.8,11,82,4,26031
2019-06-20,19,19,12,14,14,6,16,16,8,150,1008,15,0.0,0.0,15.8,9,72,5,26031
2019-06-21,19,19,11,14,14,6,14,16,7,333,1016,12,0.0,0.0,15.8,8,69,5,26031
2019-06-22,20,20,11,15,15,6,15,17,4,84,1020,8,0.0,0.0,15.8,9,68,5,26031
2019-06-23,20,20,12,16,16,6,17,18,7,110,1016,13,0.0,0.0,15.8,11,70,5,26031
2019-06-24,16,16,8,13,13,3,14,15,12,114,1004,20,29.8,0.0,11.9,13,88,3,26031
2019-06-25,22,22,14,17,17,5,18,19,14,241,1004,24,5.8,0.0,15.6,14,79,5,26031
2019-06-26,21,21,15,18,18,6,18,19,12,260,1013,21,0.2,0.0,15.8,14,78,5,26031
2019-06-27,23,23,16,19,19,6,19,21,9,269,1019,17,0.2,0.0,15.8,14,75,6,26031
2019-06-28,20,20,15,17,17,5,17,17,5,239,1019,8,11.9,0.0,12.8,15,90,4,26031
2019-06-29,22,22,14,18,18,6,19,19,9,279,1018,17,0.0,0.0,15.8,13,77,5,26031
2019-06-30,20,20,13,16,16,6,17,18,5,87,1017,9,0.0,0.0,15.8,11,72,5,26031
2019-07-01,23,23,12,18,18,5,19,21,7,281,1013,12,2.5,0.0,15.5,17,90,5,26031
2019-07-02,23,23,16,18,18,5,19,20,6,309,1011,10,0.0,0.0,15.8,14,76,5,26031
2019-07-03,25,25,15,20,20,6,21,21,2,227,1013,4,0.0,0.0,15.8,15,73,6,26031
2019-07-04,24,24,18,21,21,6,21,22,7,111,1015,13,0.1,0.0,15.8,16,74,6,26031
2019-07-05,25,25,18,22,23,5,23,23,9,292,1014,15,2.0,0.0,15.5,19,87,5,26031
2019-07-06,23,23,15,18,18,6,19,20,10,124,1017,16,0.0,0.0,15.7,11,65,6,26031
2019-07-07,21,21,15,17,17,6,18,19,7,90,1019,11,0.0,0.0,15.7,11,66,5,26031
2019-07-08,22,22,14,18,18,6,19,20,3,135,1018,4,0.0,0.0,15.7,11,65,5,26031
2019-07-09,23,23,15,19,19,6,20,21,5,157,1017,9,0.0,0.0,15.7,15,75,6,26031
2019-07-10,25,25,17,21,22,5,22,23,8,232,1010,15,7.7,0.0,14.4,19,85,5,26031
2019-07-11,21,21,14,17,17,6,17,17,13,317,1010,18,2.1,0.0,13.4,14,83,4,26031
2019-07-12,24,24,13,18,18,6,19,20,8,260,1012,13,0.7,0.0,14.5,12,68,6,26031
2019-07-13,22,22,16,19,19,6,20,21,11,315,1013,17,1.4,0.0,14.5,15,77,6,26031
2019-07-14,23,23,14,18,18,6,19,20,7,293,1019,12,0.0,0.0,14.5,12,67,5,26031
2019-07-15,22,22,14,18,18,5,19,20,7,192,1015,13,2.8,0.0,10.5,17,85,4,26031
2019-07-16,23,23,20,22,23,6,23,22,13,253,1010,21,5.7,0.0,9.5,20,90,5,26031
2019-07-17,24,24,16,20,20,6,21,21,7,85,1013,13,0.0,0.0,14.5,15,73,6,26031
2019-07-18,25,25,19,22,23,5,23,23,10,227,1008,18,19.6,0.0,11.5,19,83,5,26031
2019-07-19,27,27,21,24,26,6,26,25,9,276,1006,16,0.0,0.0,14.5,20,82,7,26031
2019-07-20,25,25,18,22,24,5,24,24,8,331,1008,14,0.2,0.0,13.5,18,80,5,26031
2019-07-21,22,22,15,18,18,6,19,20,9,327,1014,14,0.0,0.0,13.5,11,65,5,26031
2019-07-22,22,22,13,17,17,6,18,19,10,324,1016,16,0.0,0.0,14.5,10,61,5,26031
2019-07-23,22,22,14,17,17,6,18,19,10,336,1016,16,0.0,0.0,13.5,10,63,5,26031
2019-07-24,22,22,13,18,18,6,18,20,9,274,1018,14,1.0,0.0,12.5,12,69,4,26031
2019-07-25,25,25,16,20,20,6,21,22,5,291,1019,9,0.0,0.0,14.5,16,79,6,26031
2019-07-26,26,26,18,22,22,6,22,23,10,235,1019,18,0.2,0.0,13.5,17,74,6,26031
2019-07-27,26,26,19,22,23,5,23,24,13,240,1014,21,10.5,0.0,11.4,18,82,5,26031
2019-07-28,25,25,18,21,22,6,22,23,5,279,1014,8,0.2,0.0,14.5,17,77,6,26031
2019-07-29,22,22,19,20,20,5,20,21,10,251,1007,17,9.3,0.0,10.4,18,87,5,26031
2019-07-30,21,21,14,17,17,6,17,18,11,311,1014,16,0.0,0.0,14.5,12,71,5,26031
2019-07-31,22,22,11,16,16,6,16,18,5,141,1020,9,0.0,0.0,14.5,8,62,5,26031
2019-08-01,22,22,14,18,18,6,18,19,4,312,1022,7,0.0,0.0,14.5,12,66,5,26031
2019-08-02,24,24,16,20,20,6,21,22,8,265,1019,13,0.3,0.0,13.5,15,72,6,26031
2019-08-03,22,22,17,19,19,6,20,20,6,59,1017,9,2.3,0.0,13.5,16,82,6,26031
2019-08-04,22,22,15,19,19,6,20,20,5,84,1017,8,0.0,0.0,14.5,14,76,6,26031
2019-08-05,26,26,17,21,22,5,22,22,8,243,1011,14,6.2,0.0,11.3,17,81,5,26031
2019-08-06,24,24,18,20,20,6,21,21,7,330,1007,10,1.1,0.0,11.6,16,80,6,26031
2019-08-07,26,26,16,21,22,6,22,22,6,274,1007,10,1.7,0.0,11.6,16,76,6,26031
2019-08-08,22,22,17,19,19,5,20,20,13,295,1005,19,8.4,0.0,10.5,14,73,5,26031
2019-08-09,22,22,16,18,18,6,19,20,15,291,1010,21,0.1,0.0,11.6,12,65,5,26031
2019-08-10,23,23,15,18,18,6,19,20,10,278,1014,14,0.1,0.0,10.5,12,68,5,26031
2019-08-11,24,24,16,20,21,6,21,22,11,270,1014,18,0.0,0.0,11.6,15,72,6,26031
2019-08-12,23,23,17,19,19,6,20,20,7,345,1012,11,0.0,0.0,11.6,13,68,6,26031
2019-08-13,21,21,16,18,18,6,18,19,8,100,1012,12,0.0,0.0,11.6,11,62,5,26031
2019-08-14,20,20,16,18,18,6,18,19,8,78,1016,12,0.0,0.0,11.6,12,68,5,26031
2019-08-15,21,21,14,17,17,6,17,18,3,128,1016,6,0.1,0.0,11.6,11,71,4,26031
2019-08-16,22,22,14,18,18,5,18,20,7,135,1013,12,1.6,0.0,11.6,13,75,5,26031
2019-08-17,24,24,17,20,20,6,20,21,7,262,1010,12,0.6,0.0,10.5,16,82,6,26031
2019-08-18,24,24,16,20,20,5,21,22,7,185,1008,13,7.1,0.0,10.4,16,80,5,26031
2019-08-19,23,23,16,19,19,6,19,20,9,290,1014,15,0.0,0.0,11.6,11,63,6,26031
2019-08-20,25,25,15,19,19,6,20,22,5,298,1014,10,0.0,0.0,11.6,13,69,6,26031
2019-08-21,22,22,16,19,19,6,19,20,8,317,1011,13,0.0,0.0,10.4,14,75,5,26031
2019-08-22,19,19,13,15,15,6,16,17,11,320,1016,15,0.0,0.0,11.6,9,67,4,26031
2019-08-23,19,19,12,15,15,6,15,16,6,116,1023,9,0.0,0.0,11.6,10,72,5,26031
2019-08-24,19,19,13,16,16,6,16,17,8,86,1026,11,0.0,0.0,11.6,10,70,5,26031
2019-08-25,22,22,12,17,17,6,18,19,11,112,1023,17,0.0,0.0,11.6,12,74,5,26031
2019-08-26,22,22,15,19,19,6,19,20,14,129,1014,22,1.9,0.0,9.2,14,78,5,26031
2019-08-27,22,22,18,20,20,5,20,20,16,247,1004,23,12.5,0.0,10.4,16,79,5,26031
2019-08-28,17,17,13,15,15,6,16,16,15,257,1007,22,3.3,0.0,8.0,12,79,4,26031
2019-08-29,22,22,10,15,15,5,16,18,12,242,1008,20,5.7,0.0,10.4,12,78,4,26031
2019-08-30,18,18,13,15,15,6,15,17,13,296,1016,20,0.5,0.0,11.6,10,69,5,26031
2019-08-31,19,19,12,15,15,6,15,17,5,318,1025,8,0.0,0.0,11.6,10,72,5,26031
2019-09-01,20,20,12,15,15,6,16,17,5,209,1020,9,0.0,0.0,8.0,10,70,4,26031
2019-09-02,20,20,13,16,16,6,16,18,9,321,1016,14,0.5,0.0,7.8,13,81,4,26031
2019-09-03,22,22,11,15,15,4,16,17,13,180,1007,22,73.4,0.0,6.6,14,88,4,26031
2019-09-04,17,17,12,13,13,6,15,15,14,332,1015,18,0.4,0.0,11.6,9,69,5,26031
2019-09-05,19,19,10,14,14,6,14,16,5,210,1019,9,0.0,0.0,11.6,9,68,5,26031
2019-09-06,17,17,13,14,14,4,15,16,8,105,1014,12,2.1,0.0,6.5,11,80,4,26031
2019-09-07,17,17,12,14,14,6,14,16,11,304,1014,17,1.2,0.0,7.8,11,79,4,26031
2019-09-08,14,14,9,10,10,6,11,12,7,86,1022,10,0.0,0.0,9.0,5,65,3,26031
2019-09-09,16,16,8,11,11,6,12,13,9,96,1025,13,0.0,0.0,11.6,6,67,4,26031
2019-09-10,24,24,14,19,19,5,20,21,15,236,1015,26,11.3,0.0,6.2,17,86,5,26031
2019-09-11,16,16,13,14,14,6,15,15,10,164,1021,14,2.1,0.0,6.2,13,89,3,26031
2019-09-12,16,16,11,11,11,6,14,14,15,92,1025,22,2.0,0.0,11.6,9,75,4,26031
2019-09-13,21,21,14,16,16,5,16,17,18,189,1014,29,23.5,0.0,6.2,13,82,4,26031
2019-09-14,17,17,12,13,13,6,14,15,13,263,1016,20,0.0,0.0,10.2,10,73,5,26031
2019-09-15,0,0,0,14,14,6,15,0,9,0,1018,15,0.0,0.0,6.2,12,82,2,26031
2019-09-16,18,18,0,15,15,5,16,5,5,79,1019,9,2.2,0.0,10.2,13,88,1,26031
2019-09-17,21,21,14,17,17,6,17,18,6,121,1021,12,0.0,0.0,11.6,14,82,5,26031
2019-09-18,25,25,15,19,19,5,19,20,8,171,1020,15,0.0,0.0,11.6,14,76,6,26031
2019-09-19,23,23,17,19,19,6,20,21,7,283,1018,14,0.0,0.0,11.6,14,71,6,26031
2019-09-20,22,22,17,19,19,6,19,20,5,98,1019,9,0.2,0.0,7.5,15,78,4,26031
2019-09-21,25,25,17,20,20,5,21,22,6,197,1016,12,5.6,0.0,8.8,18,85,5,26031
2019-09-22,21,21,16,19,19,5,19,20,12,241,1008,20,11.1,0.0,6.1,18,94,4,26031
2019-09-23,15,15,13,14,14,5,14,15,10,298,1009,14,2.7,0.0,6.0,13,89,3,26031
2019-09-24,19,19,12,15,15,6,15,17,5,200,1010,9,0.0,0.0,11.6,12,79,5,26031
2019-09-25,20,20,15,17,17,5,17,18,14,254,1001,23,6.9,0.0,6.0,13,79,4,26031
2019-09-26,14,14,11,11,11,6,13,13,13,276,1008,19,1.2,0.0,7.4,8,73,3,26031
2019-09-27,17,17,12,13,13,3,14,16,12,212,1008,18,4.6,0.0,6.0,10,75,4,26031
2019-09-28,14,14,11,10,10,6,12,13,12,352,1019,17,0.0,0.0,8.8,8,75,3,26031
2019-09-29,15,15,9,10,10,6,12,13,11,120,1028,16,0.0,0.0,10.2,7,70,3,26031
2019-09-30,17,17,13,14,14,6,15,16,12,127,1019,19,3.5,0.0,5.9,12,80,4,26031
2019-10-01,20,20,12,17,17,5,17,18,12,306,1011,21,22.1,0.0,5.9,15,90,4,26031
2019-10-02,12,12,6,8,8,5,11,11,14,61,1019,19,12.8,0.0,11.6,7,76,4,26031
2019-10-03,10,10,4,6,6,4,9,10,15,100,1017,20,18.2,0.0,5.9,7,88,2,26031
2019-10-04,9,9,6,5,5,5,7,7,7,39,1029,10,0.5,0.0,11.6,2,73,3,26031
2019-10-05,14,14,5,7,7,5,10,11,12,141,1022,17,0.7,0.0,8.7,5,73,3,26031
2019-10-06,15,15,12,11,11,5,13,13,16,252,1011,24,2.4,0.0,10.2,9,76,3,26031
2019-10-07,14,14,10,10,10,6,12,13,13,277,1017,19,0.1,0.0,11.6,7,70,4,26031
2019-10-08,16,16,8,11,11,6,12,13,5,143,1023,8,0.0,0.0,11.6,6,70,4,26031
2019-10-09,17,17,10,11,11,6,13,14,11,144,1023,18,0.0,0.0,11.6,8,72,4,26031
2019-10-10,16,16,10,11,11,6,13,14,13,118,1022,20,0.0,0.0,10.1,9,78,4,26031
2019-10-11,20,20,13,14,14,4,15,16,17,144,1012,26,13.2,0.0,8.7,11,80,4,26031
2019-10-12,9,9,4,2,2,5,6,6,16,215,1010,20,11.8,0.0,8.6,1,68,2,26031
2019-10-13,6,6,1,1,1,4,5,5,15,230,1006,19,23.1,0.0,5.5,3,85,2,26031
2019-10-14,8,8,3,3,3,5,6,7,14,267,1012,19,3.6,0.0,5.5,2,73,2,26031
2019-10-15,8,8,2,4,4,5,7,7,12,119,1012,17,6.6,0.0,7.0,4,78,2,26031
2019-10-16,9,9,3,4,4,5,8,8,22,355,1003,29,26.7,0.0,5.5,6,89,2,26031
2019-10-17,8,8,2,2,2,6,6,7,16,342,1013,21,0.3,0.0,5.5,2,72,2,26031
2019-10-18,9,9,3,4,4,6,6,7,7,99,1017,10,0.1,0.0,10.9,1,70,3,26031
2019-10-19,15,15,6,8,8,6,10,11,11,159,1011,18,0.0,0.0,10.9,5,71,4,26031
2019-10-20,14,14,10,10,10,5,11,12,7,267,1011,11,2.4,0.0,8.4,8,81,3,26031
2019-10-21,14,14,9,9,9,5,12,12,18,116,1008,28,7.6,0.0,6.8,9,86,3,26031
2019-10-22,0,0,8,4,4,5,8,0,19,0,999,26,0.9,0.0,5.2,6,84,2,26031
2019-10-23,8,8,3,3,3,6,7,8,17,249,1007,23,6.0,0.0,5.2,4,78,2,26031
2019-10-24,8,8,6,4,4,6,7,7,12,289,1021,16,0.8,0.0,5.2,2,71,2,26031
2019-10-25,7,7,4,3,3,6,5,6,8,258,1024,11,2.5,0.0,6.8,1,74,2,26031
2019-10-26,10,10,3,3,3,6,6,7,11,150,1018,17,0.0,0.0,10.3,1,69,2,26031
2019-10-27,11,11,7,6,6,5,9,10,14,306,1005,21,19.7,0.0,8.4,7,87,3,26031
2019-10-28,8,8,4,5,5,5,7,7,5,321,1016,8,0.3,0.0,5.1,4,84,2,26031
2019-10-29,6,6,4,2,2,4,5,5,8,328,1019,11,12.8,0.0,5.1,3,85,1,26031
2019-10-30,7,7,3,3,3,6,5,5,4,88,1024,6,0.7,0.0,10.1,0,72,3,26031
2019-10-31,5,5,2,-2,-2,2,3,4,17,18,1011,20,3.6,1.6,5.1,0,82,1,26031
2019-11-01,4,4,-1,-3,-3,4,2,3,15,246,1016,20,1.4,0.1,5.0,-2,72,1,26031
2019-11-02,5,5,3,-1,-1,3,3,4,13,269,1014,16,9.4,5.4,6.7,0,78,1,26031
2019-11-03,4,4,1,-3,-3,4,2,3,13,264,1016,18,2.2,2.3,6.7,-2,71,1,26031
2019-11-04,6,6,2,1,1,5,5,5,12,249,1011,16,6.7,0.0,5.0,3,87,2,26031
2019-11-05,3,3,-5,-4,-4,3,1,1,15,292,1018,20,3.0,1.6,5.0,-3,74,1,26031
2019-11-06,2,2,-1,-6,-6,4,0,1,16,271,1025,20,1.7,0.9,5.0,-6,62,1,26031
2019-11-07,-1,-1,-6,-6,-6,5,-1,-1,11,234,1026,14,0.7,0.3,5.0,-6,68,1,26031
2019-11-08,-1,-1,-3,-6,-6,4,-2,-2,8,275,1027,11,2.1,1.5,6.6,-7,71,1,26031
2019-11-09,2,2,-6,-6,-6,0,0,1,17,231,1012,21,6.0,1.1,4.9,-1,88,1,26031
2019-11-10,2,2,-7,-5,-5,3,0,1,15,312,1015,20,1.4,0.4,4.9,-4,73,1,26031
2019-11-11,-5,-5,-6,-11,-11,5,-5,-5,12,38,1025,14,0.8,0.7,4.9,-11,61,1,26031
2019-11-12,-5,-5,-8,-13,-13,5,-6,-6,12,317,1026,14,0.5,0.4,6.6,-13,57,1,26031
2019-11-13,-4,-4,-9,-11,-11,1,-5,-4,15,179,1022,18,5.4,0.4,4.9,-8,82,1,26031
2019-11-14,0,0,-5,-7,-7,2,-2,-1,13,263,1018,18,3.8,3.7,4.9,-4,82,1,26031
2019-11-15,0,0,-7,-8,-8,3,-2,-1,17,326,1025,22,1.3,0.1,4.9,-6,74,1,26031
2019-11-16,0,0,-5,-8,-8,6,-2,-2,10,159,1032,14,0.0,0.0,8.2,-7,73,1,26031
2019-11-17,1,1,-3,-6,-6,5,-1,0,11,165,1018,15,1.2,1.1,6.5,-3,83,1,26031
2019-11-18,3,3,0,-1,-1,3,2,2,6,156,1009,10,2.5,0.0,4.8,1,93,1,26031
2019-11-19,3,3,1,-1,-1,4,2,2,6,194,1009,9,0.4,0.2,4.8,1,94,1,26031
2019-11-20,4,4,1,0,0,6,3,3,6,212,1019,10,0.1,0.0,4.8,1,91,1,26031
2019-11-21,6,6,2,-1,-1,4,4,5,14,180,1007,21,25.2,0.0,4.8,3,93,1,26031
2019-11-22,0,0,-3,-7,-7,4,-1,-1,18,295,1015,22,0.7,0.0,9.6,-5,73,1,26031
2019-11-23,4,4,1,-3,-3,6,2,3,13,239,1007,19,0.0,0.0,9.5,-3,70,2,26031
2019-11-24,5,5,1,-1,-1,6,3,4,11,267,999,16,0.0,0.0,6.5,0,80,1,26031
2019-11-25,5,5,0,0,0,6,3,4,8,209,1000,13,0.0,0.0,6.5,1,87,1,26031
2019-11-26,4,4,-1,0,0,6,3,3,9,199,1009,13,0.0,0.0,6.9,0,78,1,26031
2019-11-27,4,4,-1,-6,-6,1,1,4,23,51,1002,28,3.3,0.0,3.4,0,91,1,26031
2019-11-28,0,0,-2,-6,-6,5,-1,-1,13,22,1029,17,0.9,0.0,8.7,-6,72,2,26031
2019-11-29,-1,-1,-1,-5,-5,6,-1,-1,8,88,1031,11,0.0,0.0,3.4,-5,74,1,26031
2019-11-30,-1,-1,-9,-7,-7,6,-2,-1,17,98,1021,21,0.0,0.0,3.4,-6,71,1,26031
2019-12-01,-2,-2,-10,-10,-10,0,-3,-3,26,72,1005,32,25.9,0.0,3.4,-4,88,1,26031
2019-12-02,-3,-3,-5,-9,-9,5,-4,-4,9,137,1014,11,0.8,1.3,8.7,-8,73,2,26031
2019-12-03,1,1,-5,-6,-6,5,-1,0,11,223,1004,16,0.6,0.3,3.2,-4,83,1,26031
2019-12-04,1,1,-2,-6,-6,1,0,0,16,303,999,21,3.2,1.4,2.1,-2,84,1,26031
2019-12-05,-1,-1,-3,-7,-7,3,-2,-2,11,289,1013,15,2.0,0.7,2.1,-5,82,1,26031
2019-12-06,-1,-1,-8,-8,-8,2,-3,-3,13,316,1020,17,4.5,3.8,2.1,-5,83,1,26031
2019-12-07,1,1,-5,-7,-7,4,-2,-2,11,213,1025,16,1.3,0.9,2.1,-4,84,1,26031
2019-12-08,3,3,0,-3,-3,6,2,3,14,235,1011,21,0.1,0.0,4.0,-1,81,1,26031
2019-12-09,2,2,-4,-4,-4,5,0,1,11,83,1001,16,4.7,0.0,2.1,0,95,1,26031
2019-12-10,-7,-7,-15,-15,-15,3,-9,-9,12,317,1014,15,3.4,0.9,2.1,-11,82,1,26031
2019-12-11,-10,-10,-15,-18,-18,1,-9,-10,19,276,1024,23,4.0,1.3,2.1,-12,84,1,26031
2019-12-12,-5,-5,-12,-12,-12,2,-7,-6,12,150,1026,17,15.2,11.7,2.1,-6,91,1,26031
2019-12-13,2,2,0,-2,-2,2,1,1,6,194,1013,10,7.6,7.4,2.1,0,95,1,26031
2019-12-14,0,0,-3,-4,-4,4,0,0,8,281,1004,11,0.3,0.0,2.1,-2,90,1,26031
2019-12-15,0,0,-9,-9,-9,6,-5,0,9,0,1020,14,0.1,0.2,2.1,-7,90,2,26031
2019-12-16,-2,-2,-5,-10,-10,5,-4,-3,13,247,1019,18,0.2,0.1,4.0,-7,81,1,26031
2019-12-17,-2,-2,-6,-11,-11,3,-4,-4,13,260,1014,17,2.4,0.9,2.1,-7,84,1,26031
2019-12-18,-13,-13,-18,-22,-22,3,-13,-14,14,335,1021,16,1.7,1.0,2.1,-16,77,1,26031
2019-12-19,-4,-4,-12,-13,-13,3,-7,-6,9,233,1025,12,1.5,1.1,2.1,-9,84,1,26031
2019-12-20,-1,-1,-5,-9,-9,4,-3,-2,14,146,1033,20,0.7,0.6,2.1,-5,83,1,26031
2019-12-21,2,2,-3,-5,-5,6,0,0,12,219,1024,19,0.0,0.0,2.1,-2,87,1,26031
2019-12-22,3,3,-1,-2,-2,6,3,3,13,236,1017,23,0.0,0.0,5.8,1,87,2,26031
2019-12-23,3,3,-1,-3,-3,6,2,2,14,311,1017,22,0.0,0.0,5.8,-1,82,2,26031
2019-12-24,1,1,-1,-5,-5,6,0,0,12,129,1021,17,0.0,0.0,5.8,-3,82,1,26031
2019-12-25,3,3,1,-2,-2,3,2,2,10,107,1015,16,0.2,0.0,3.3,1,94,1,26031
2019-12-26,6,6,2,0,0,6,4,5,12,165,1014,21,1.1,0.0,3.3,3,94,1,26031
2019-12-27,2,2,0,-4,-4,6,1,2,13,268,1018,19,0.1,0.1,3.3,-1,84,1,26031
2019-12-28,3,3,-1,-3,-3,6,1,1,7,249,1023,11,1.7,0.0,6.9,-2,83,2,26031
2019-12-29,3,3,-4,-3,-3,5,2,3,22,108,1012,32,8.8,0.0,3.3,1,89,1,26031
2019-12-30,3,3,-1,-4,-4,2,2,2,20,102,991,28,38.4,18.5,3.3,1,93,1,26031
2019-12-31,-1,-1,-3,-7,-7,1,-2,-1,14,265,996,18,4.4,3.0,3.3,-3,89,1,26031
2020-01-01,0,0,-4,-7,-7,4,-2,-2,13,229,1002,17,0.9,0.9,5.1,-5,79,1,26031
2020-01-02,3,3,1,-2,-2,6,2,3,12,217,998,19,0.1,0.0,3.3,1,90,1,26031
2020-01-03,-1,-1,-4,-5,-5,6,0,-1,10,293,1008,14,0.0,0.0,5.1,-3,82,1,26031
2020-01-04,-1,-1,-3,-7,-7,5,-2,-2,10,314,1013,13,0.3,0.0,3.3,-5,82,1,26031
2020-01-05,-1,-1,-2,-7,-7,3,-2,-2,12,179,1010,16,11.1,8.6,3.3,-3,89,1,26031
2020-01-06,-1,-1,-5,-9,-9,2,-2,-2,21,277,1011,28,3.3,0.3,3.3,-5,77,1,26031
2020-01-07,1,1,-4,-7,-7,3,-1,0,16,258,1009,22,2.0,0.3,3.3,-4,82,1,26031
2020-01-08,-9,-9,-12,-17,-17,2,-9,-10,14,324,1024,17,1.3,0.3,3.4,-13,76,1,26031
2020-01-09,-1,-1,-10,-11,-11,4,-5,-4,16,156,1023,23,6.2,0.0,5.1,-6,82,1,26031
2020-01-10,2,2,-1,-2,-2,6,1,1,9,314,1018,14,2.3,0.0,5.1,0,90,1,26031
2020-01-11,-4,-4,-10,-14,-14,3,-6,-6,19,22,1020,23,9.1,0.0,8.7,-8,83,1,26031
2020-01-12,-8,-8,-14,-17,-17,3,-10,-10,12,73,1027,15,3.1,2.6,3.4,-12,86,1,26031
2020-01-13,-2,-2,-11,-9,-9,2,-4,-3,7,115,1028,10,2.6,2.3,3.4,-5,88,1,26031
2020-01-14,1,1,-2,-6,-6,3,-1,0,12,198,1019,18,1.2,0.9,3.4,-2,92,1,26031
2020-01-15,-2,-2,-5,-6,-6,4,-2,-2,7,215,1020,11,4.9,3.1,3.4,-4,88,1,26031
2020-01-16,-4,-4,-12,-12,-12,1,-6,-5,15,337,1030,19,5.4,4.7,3.4,-8,83,1,26031
2020-01-17,-6,-6,-10,-13,-13,5,-8,-8,8,156,1041,11,0.3,0.2,3.4,-10,83,1,26031
2020-01-18,-1,-1,-6,-11,-11,1,-3,-3,19,113,1011,26,16.7,4.4,3.4,-5,92,1,26031
2020-01-19,-7,-7,-10,-16,-16,3,-8,-8,15,240,1019,19,2.1,1.1,5.2,-11,80,1,26031
2020-01-20,-4,-4,-11,-14,-14,5,-7,-6,11,298,1033,17,0.1,0.0,3.4,-10,81,1,26031
2020-01-21,-2,-2,-7,-11,-11,6,-4,-3,17,251,1028,26,0.0,0.0,5.2,-7,81,1,26031
2020-01-22,1,1,-3,-7,-7,5,-1,0,16,227,1019,26,0.6,0.1,3.5,-3,84,1,26031
2020-01-23,0,0,-5,-5,-5,4,-1,-1,8,137,1021,12,2.3,1.1,3.5,-2,91,1,26031
2020-01-24,1,1,-4,-5,-5,5,0,1,16,96,1020,24,2.5,0.2,3.5,-1,92,1,26031
2020-01-25,2,2,-2,-2,-2,3,1,1,8,192,1008,14,4.4,0.0,3.5,1,99,1,26031
2020-01-26,0,0,-6,-5,-5,2,0,0,12,296,1007,17,5.3,4.8,3.5,-1,95,1,26031
2020-01-27,-2,-2,-4,-8,-8,4,-3,-3,10,328,1013,15,0.9,0.6,3.5,-4,90,1,26031
2020-01-28,-3,-3,-5,-8,-8,3,-3,-3,7,346,1018,10,1.0,0.8,3.5,-5,89,1,26031
2020-01-29,-5,-5,-10,-10,-10,5,-6,-6,7,89,1025,9,0.5,0.3,3.5,-7,89,1,26031
2020-01-30,-1,-1,-6,-7,-7,4,-4,-3,6,149,1024,9,0.9,0.6,3.5,-5,92,1,26031
2020-01-31,0,0,-6,-6,-6,4,-2,-2,7,214,1021,10,0.6,0.3,3.5,-3,92,1,26031
2020-02-01,0,0,-2,-6,-6,2,-1,0,10,232,1008,15,4.2,3.4,4.9,-2,94,1,26031
2020-02-02,1,1,-4,-4,-4,3,0,0,11,231,995,17,9.6,5.4,4.9,0,96,1,26031
2020-02-03,0,0,-2,-5,-5,5,-1,-1,9,268,1009,14,0.3,0.2,6.6,-2,89,1,26031
2020-02-04,-6,-6,-9,-13,-13,6,-6,-6,13,316,1018,18,0.1,0.0,5.0,-8,83,1,26031
2020-02-05,-4,-4,-9,-13,-13,6,-7,-6,8,222,1020,13,0.0,0.0,9.9,-9,85,1,26031
2020-02-06,-3,-3,-7,-8,-8,6,-5,-4,4,106,1007,6,0.0,0.0,6.6,-7,85,1,26031
2020-02-07,-10,-10,-13,-17,-17,4,-10,-11,10,122,1008,13,0.3,0.1,5.0,-12,88,1,26031
2020-02-08,-8,-8,-16,-18,-18,4,-12,-12,7,142,1022,10,0.1,0.0,6.7,-14,85,1,26031
2020-02-09,-2,-2,-8,-9,-9,3,-5,-4,8,203,1021,12,7.8,5.5,5.0,-6,91,1,26031
2020-02-10,-3,-3,-9,-10,-10,4,-6,-5,6,261,1018,11,0.3,1.1,10.0,-7,90,1,26031
2020-02-11,-3,-3,-9,-10,-10,5,-5,-4,12,265,1015,18,0.2,0.1,6.7,-6,88,1,26031
2020-02-12,1,1,-5,-8,-8,4,-2,-1,14,228,1012,20,2.5,0.8,6.9,-4,86,1,26031
2020-02-13,-17,-17,-22,-27,-27,5,-18,-20,11,348,1020,15,0.3,0.1,6.9,-19,89,1,26031
2020-02-14,-9,-9,-16,-20,-20,5,-13,-12,10,260,1029,16,0.3,0.1,6.9,-15,87,1,26031
2020-02-15,-2,-2,-12,-13,-13,3,-6,-5,17,220,1017,25,2.6,1.9,5.3,-8,85,1,26031
2020-02-16,-7,-7,-12,-14,-14,4,-8,-8,10,285,1018,15,0.7,0.5,5.3,-10,86,1,26031
2020-02-17,-2,-2,-14,-13,-13,5,-8,-7,9,137,1023,13,0.1,0.1,6.9,-10,88,1,26031
2020-02-18,-1,-1,-8,-10,-10,2,-3,-2,15,290,1013,22,11.6,5.3,5.4,-5,90,1,26031
2020-02-19,-9,-9,-14,-19,-19,5,-11,-11,13,280,1031,21,1.1,0.6,8.5,-13,85,1,26031
2020-02-20,-9,-9,-17,-19,-19,6,-13,-12,9,268,1035,15,0.0,0.0,10.8,-14,87,1,26031
2020-02-21,0,0,-9,-11,-11,6,-5,-3,18,240,1024,29,0.0,0.0,10.8,-7,80,2,26031
2020-02-22,1,1,-7,-6,-6,6,-1,0,12,241,1017,18,0.1,0.0,5.4,-2,90,1,26031
2020-02-23,2,2,-3,-4,-4,5,1,1,11,216,1010,18,0.4,0.2,5.4,0,93,1,26031
2020-02-24,1,1,-3,-4,-4,5,0,0,8,279,1013,14,0.2,0.1,7.0,-2,89,1,26031
2020-02-25,-1,-1,-5,-9,-9,6,-4,-4,9,34,1020,14,0.0,0.0,8.5,-6,86,1,26031
2020-02-26,-6,-6,-8,-14,-14,6,-7,-7,11,27,1019,15,0.0,0.0,5.5,-10,78,1,26031
2020-02-27,-7,-7,-12,-18,-18,2,-9,-9,18,313,1011,23,0.5,0.0,5.5,-11,83,1,26031
2020-02-28,-7,-7,-12,-16,-16,0,-8,-7,19,317,1010,24,3.3,0.5,5.5,-9,86,1,26031
2020-02-29,-3,-3,-9,-13,-13,5,-7,-6,10,298,1017,14,0.7,0.9,5.5,-9,82,1,26031
2020-03-01,2,2,-6,-6,-6,6,-1,-1,9,166,1011,15,0.1,0.0,5.6,-3,88,1,26031
2020-03-02,0,0,-4,-5,-5,6,0,0,10,274,1004,15,0.1,0.0,7.1,-2,86,1,26031
2020-03-03,1,1,-3,-4,-4,4,0,0,6,194,1001,10,1.2,0.7,5.6,-2,87,1,26031
2020-03-04,0,0,-4,-8,-8,4,-2,-2,12,282,1008,18,1.6,1.6,5.6,-4,85,1,26031
2020-03-05,1,1,-5,-6,-6,3,-2,-1,10,144,1014,15,8.9,7.1,5.6,-3,91,1,26031
2020-03-06,-3,-3,-6,-10,-10,3,-4,-4,14,124,1025,19,6.1,2.8,8.6,-6,87,1,26031
2020-03-07,3,3,-7,-6,-6,6,-2,-1,7,219,1029,11,0.0,0.0,8.6,-6,78,1,26031
2020-03-08,6,6,-1,-1,-1,6,3,4,9,219,1019,18,0.0,0.0,11.3,0,79,2,26031
2020-03-09,6,6,3,2,2,4,5,5,10,229,1013,21,12.1,0.0,7.2,3,88,2,26031
2020-03-10,0,0,-5,-7,-7,5,-2,-2,10,327,1019,14,5.2,0.0,11.6,-5,82,2,26031
2020-03-11,2,2,-3,-3,-3,3,-1,0,5,104,1019,7,2.0,1.7,5.9,-2,92,1,26031
2020-03-12,5,5,1,0,0,3,3,4,10,160,1008,18,3.7,0.0,5.9,2,90,1,26031
2020-03-13,0,0,-2,-7,-7,2,0,0,21,273,1010,29,0.9,0.0,5.9,-3,81,1,26031
2020-03-14,0,0,-4,-8,-8,5,-3,-2,11,325,1034,16,0.3,0.3,6.0,-5,81,1,26031
2020-03-15,-4,-4,-10,-12,-12,6,-6,-6,9,82,1040,14,0.0,0.0,11.6,-9,79,2,26031
2020-03-16,3,3,-5,-6,-6,4,-1,0,9,215,1026,14,1.2,0.5,6.0,-4,82,1,26031
2020-03-17,0,0,-4,-7,-7,4,-1,-1,13,280,1020,19,2.3,2.0,11.6,-4,82,2,26031
2020-03-18,3,3,-2,-3,-3,5,0,2,7,134,1026,12,0.0,0.0,10.2,-3,79,2,26031
2020-03-19,4,4,-2,-3,-3,4,1,2,9,116,1018,15,9.9,0.0,7.4,0,91,1,26031
2020-03-20,1,1,-7,-9,-9,3,-3,-3,16,330,1017,21,12.5,0.0,6.1,-5,83,1,26031
2020-03-21,-5,-5,-10,-11,-11,6,-7,-7,5,22,1038,7,0.0,0.0,8.8,-14,61,1,26031
2020-03-22,1,1,-7,-8,-8,6,-3,-2,10,129,1034,15,0.0,0.0,8.8,-10,61,1,26031
2020-03-23,2,2,-2,-4,-4,6,0,1,6,243,1022,10,0.0,0.0,11.6,-5,74,2,26031
2020-03-24,3,3,-1,-2,-2,6,1,1,6,112,1022,10,0.0,0.0,10.2,-2,85,1,26031
2020-03-25,6,6,-1,0,0,5,2,4,6,225,1013,11,6.3,0.0,10.2,0,88,1,26031
2020-03-26,3,3,-2,0,0,5,2,2,4,149,1011,6,19.6,0.0,6.2,1,93,1,26031
2020-03-27,6,6,-1,0,0,6,2,3,5,89,1016,9,0.0,0.0,11.6,-1,81,2,26031
2020-03-28,3,3,1,-2,-2,4,2,2,10,85,1013,18,3.2,0.0,7.7,0,86,1,26031
2020-03-29,5,5,3,0,0,3,4,4,14,170,999,24,41.7,0.0,6.4,3,96,1,26031
2020-03-30,3,3,1,-3,-3,4,2,2,13,335,1014,21,1.8,0.5,6.4,0,88,1,26031
2020-03-31,3,3,-1,-2,-2,5,1,1,8,40,1020,13,1.1,0.1,6.4,0,92,1,26031
2020-04-01,4,4,1,0,0,4,2,3,6,228,1019,10,1.4,0.4,9.0,0,87,1,26031
2020-04-02,6,6,0,0,0,6,2,3,6,320,1022,10,0.0,0.0,11.6,-1,80,2,26031
2020-04-03,6,6,-1,0,0,6,2,3,6,84,1021,10,0.0,0.0,11.6,-1,79,2,26031
2020-04-04,3,3,-2,-2,-2,5,1,2,8,319,1019,13,4.3,0.0,6.5,0,88,1,26031
2020-04-05,5,5,-3,-2,-2,6,1,2,6,298,1023,11,0.0,0.0,11.6,-3,74,1,26031
2020-04-06,6,6,0,1,1,5,3,4,4,244,1019,8,0.4,0.0,6.5,-2,70,1,26031
2020-04-07,4,4,-4,-2,-2,5,3,3,11,99,1009,19,9.9,0.0,6.5,0,84,1,26031
2020-04-08,7,7,3,1,1,4,4,5,10,276,1003,17,4.1,0.0,9.1,2,86,2,26031
2020-04-09,3,3,1,-4,-4,3,2,2,16,296,1000,23,0.7,0.0,6.6,-2,76,1,26031
2020-04-10,3,3,-2,-6,-6,6,0,1,16,312,1010,21,0.0,0.0,11.6,-6,63,2,26031
2020-04-11,8,8,-1,1,1,6,3,4,5,234,1011,8,0.0,0.0,11.6,-3,66,2,26031
2020-04-12,4,4,-4,0,0,5,3,4,9,73,1008,16,4.8,0.0,6.8,1,82,1,26031
2020-04-13,4,4,-1,-3,-3,2,3,2,20,284,998,27,6.5,0.0,6.8,0,82,1,26031
2020-04-14,0,0,-3,-7,-7,4,-1,-1,16,273,1015,21,0.7,0.1,10.4,-9,53,1,26031
2020-04-15,0,0,-3,-7,-7,4,-2,-1,11,293,1016,14,1.9,1.2,8.0,-7,66,1,26031
2020-04-16,1,1,-2,-6,-6,4,0,0,14,276,1020,18,1.0,0.7,8.1,-7,63,1,26031
2020-04-17,4,4,-1,-3,-3,5,1,3,9,274,1017,13,0.1,0.1,11.6,-4,72,1,26031
2020-04-18,9,9,-1,-1,-1,5,4,6,15,227,1006,25,4.3,0.0,8.1,-1,74,2,26031
2020-04-19,3,3,-2,-3,-3,5,2,2,12,338,1007,16,6.2,0.2,10.4,-3,70,2,26031
2020-04-20,7,7,-1,-1,-1,5,3,5,12,243,1002,18,14.5,6.5,9.3,-3,67,1,26031
2020-04-21,-1,-1,-4,-10,-10,0,-2,-2,22,304,1006,28,3.8,2.5,7.0,-7,69,1,26031
2020-04-22,1,1,-3,-5,-5,6,-1,-1,8,233,1017,11,0.0,0.0,9.3,-10,51,1,26031
2020-04-23,3,3,-1,-4,-4,6,1,2,12,109,1014,16,0.0,0.0,7.0,-6,60,1,26031
2020-04-24,6,6,2,1,1,6,4,4,6,77,1013,9,0.0,0.0,9.3,-2,69,1,26031
2020-04-25,8,8,2,4,4,6,5,6,5,36,1018,8,0.0,0.0,11.6,-1,64,3,26031
2020-04-26,7,7,3,2,2,6,5,6,10,67,1021,17,0.0,0.0,11.6,2,80,3,26031
2020-04-27,9,9,2,3,3,5,5,6,8,118,1019,14,6.1,0.0,10.5,3,84,2,26031
2020-04-28,7,7,5,3,3,4,6,6,11,93,1013,18,6.7,0.0,7.1,5,93,2,26031
2020-04-29,5,5,-1,0,0,3,5,5,23,59,1005,36,70.7,0.0,7.1,5,96,1,26031
2020-04-30,6,6,5,1,1,3,6,6,16,119,1004,27,54.5,0.0,7.1,5,95,2,26031
2020-05-01,11,11,3,4,4,6,7,8,9,280,1014,16,0.0,0.0,11.6,2,74,3,26031
2020-05-02,11,11,7,7,7,3,9,10,9,236,1009,18,1.3,0.0,7.1,6,81,3,26031
2020-05-03,8,8,5,4,4,6,7,8,13,288,1010,20,0.0,0.0,9.4,3,74,2,26031
2020-05-04,6,6,0,-1,-1,6,3,3,12,349,1021,16,0.0,0.0,11.6,-4,61,2,26031
2020-05-05,6,6,1,0,0,6,3,4,8,92,1020,12,0.0,0.0,11.6,-4,59,2,26031
2020-05-06,10,10,2,3,3,6,6,7,9,302,1017,14,0.0,0.0,11.6,-2,58,3,26031
2020-05-07,6,6,0,0,0,6,4,5,12,309,1013,16,0.3,0.0,10.5,-4,59,2,26031
2020-05-08,2,2,-2,-6,-6,5,0,1,16,336,1016,19,0.1,0.0,11.6,-9,53,1,26031
2020-05-09,6,6,0,-3,-3,5,2,3,15,291,1016,20,0.4,0.1,9.4,-5,61,1,26031
2020-05-10,6,6,0,-1,-1,6,3,4,10,234,1015,13,0.0,0.0,9.4,-4,62,1,26031
2020-05-11,4,4,-1,-4,-4,6,1,2,13,325,1020,18,0.0,0.0,10.5,-8,54,2,26031
2020-05-12,6,6,-2,-2,-2,6,2,4,10,322,1022,14,0.0,0.0,11.6,-6,54,2,26031
2020-05-13,9,9,-1,2,2,6,4,6,6,91,1026,9,0.0,0.0,14.5,-4,54,3,26031
2020-05-14,8,8,-2,2,2,3,6,6,11,137,1014,18,10.6,0.0,9.3,5,92,2,26031
2020-05-15,13,13,7,8,8,4,10,11,10,308,1010,18,0.4,0.0,11.4,7,84,3,26031
2020-05-16,11,11,6,6,6,6,8,10,11,101,1017,20,1.3,0.0,13.5,6,84,3,26031
2020-05-17,14,14,8,7,7,5,10,10,13,327,1013,24,18.4,0.0,12.5,8,88,3,26031
2020-05-18,9,9,2,5,5,5,8,9,17,87,1019,34,9.4,0.0,12.5,6,84,2,26031
2020-05-19,9,9,2,5,5,5,8,8,15,108,1023,27,0.3,0.0,10.4,3,68,2,26031
2020-05-20,16,16,7,10,10,6,11,13,11,104,1025,21,0.0,0.0,14.5,6,72,4,26031
2020-05-21,17,17,7,11,11,6,12,14,6,89,1022,12,0.0,0.0,14.5,7,72,4,26031
2020-05-22,17,17,11,14,14,4,14,15,4,84,1018,9,2.1,0.0,15.1,12,88,4,26031
2020-05-23,18,18,12,14,14,6,15,16,8,102,1016,17,0.5,0.0,15.5,11,81,4,26031
2020-05-24,15,15,12,13,13,4,14,14,6,172,1013,12,3.7,0.0,12.6,12,92,3,26031
2020-05-25,19,19,11,15,15,3,15,17,5,104,1014,11,10.9,0.0,14.5,14,94,4,26031
2020-05-26,22,22,14,18,18,4,18,19,4,104,1015,7,6.2,0.0,14.5,16,90,4,26031
2020-05-27,21,21,12,17,17,5,18,19,4,113,1014,9,4.8,0.0,12.6,16,90,4,26031
2020-05-28,17,17,13,15,15,4,15,16,3,288,1009,6,17.0,0.0,11.7,15,97,4,26031
2020-05-29,15,15,10,11,11,5,12,13,10,287,1011,18,2.1,0.0,13.6,10,87,3,26031
2020-05-30,11,11,6,6,6,5,9,10,13,305,1019,19,0.4,0.0,15.6,4,72,2,26031
2020-05-31,14,14,4,7,7,6,9,11,13,262,1024,20,0.0,0.0,15.7,3,64,4,26031
2020-06-01,17,17,7,10,10,5,12,14,11,247,1019,20,13.5,0.0,15.5,9,81,3,26031
2020-06-02,19,19,12,16,16,4,16,17,7,259,1008,15,13.5,0.0,12.7,15,94,4,26031
2020-06-03,20,20,14,16,16,6,16,17,7,316,1006,14,0.0,0.0,15.7,12,76,5,26031
2020-06-04,19,19,10,15,15,5,15,16,5,71,1008,10,0.0,0.0,15.7,11,80,5,26031
2020-06-05,18,18,7,13,13,6,14,15,6,229,1010,12,3.0,0.0,15.5,11,77,4,26031
2020-06-06,17,17,11,12,12,6,14,15,11,332,1016,18,0.0,0.0,15.7,9,76,5,26031
2020-06-07,15,15,9,10,10,6,12,12,7,71,1022,11,0.0,0.0,15.8,5,65,4,26031
2020-06-08,20,20,11,15,15,6,16,18,6,190,1016,11,0.0,0.0,15.8,10,71,5,26031
2020-06-09,22,22,14,18,18,5,19,20,10,108,1009,20,0.0,0.0,15.8,14,78,4,26031
2020-06-10,21,21,16,19,19,5,19,20,15,259,996,29,25.3,0.0,14.6,16,85,6,26031
2020-06-11,17,17,11,11,11,4,13,14,19,267,1009,28,11.8,0.0,12.8,8,74,3,26031
2020-06-12,13,13,6,6,6,6,9,11,14,310,1024,19,0.0,0.0,15.5,3,66,4,26031
2020-06-13,16,16,8,10,10,6,11,13,6,113,1029,10,0.0,0.0,15.5,5,63,3,26031
2020-06-14,15,15,8,11,11,6,12,13,6,91,1030,10,0.0,0.0,15.8,5,62,4,26031
2020-06-15,17,17,8,12,12,6,13,15,9,102,1030,16,0.0,0.0,15.8,6,63,4,26031
2020-06-16,21,21,11,16,16,6,16,18,5,112,1026,10,0.0,0.0,15.8,12,78,5,26031
2020-06-17,23,23,14,18,18,6,19,20,5,146,1022,10,0.0,0.0,15.8,14,77,5,26031
2020-06-18,23,23,15,19,19,6,20,21,5,70,1018,9,0.0,0.0,15.8,14,76,6,26031
2020-06-19,23,23,16,20,20,6,21,21,4,309,1016,7,0.0,0.0,15.8,16,77,6,26031
2020-06-20,23,23,16,20,20,6,21,21,3,84,1013,6,2.8,0.0,15.6,16,79,5,26031
2020-06-21,21,21,16,19,19,5,20,20,9,269,1009,15,14.1,0.0,14.6,17,89,5,26031
2020-06-22,21,21,15,18,18,5,18,19,4,81,1010,7,0.6,0.0,15.6,15,86,4,26031
2020-06-23,17,17,13,14,14,3,16,16,14,316,1002,20,40.5,0.0,11.9,15,95,4,26031
2020-06-24,17,17,12,12,12,5,14,15,15,293,1006,21,11.2,0.0,15.6,10,76,4,26031
2020-06-25,20,20,13,16,16,6,16,18,10,271,1010,19,0.1,0.0,15.8,11,69,5,26031
2020-06-26,23,23,15,19,19,6,19,20,10,263,1009,18,1.1,0.0,15.8,14,77,5,26031
2020-06-27,21,21,16,18,18,6,18,19,11,290,1006,19,1.0,0.0,15.8,15,83,5,26031
2020-06-28,23,23,14,18,18,6,19,20,7,299,1010,12,0.0,0.0,15.8,13,70,5,26031
2020-06-29,24,24,16,20,20,6,21,22,7,97,1014,13,0.0,0.0,15.8,15,72,6,26031
2020-06-30,24,24,17,20,20,6,21,22,9,101,1015,17,0.0,0.0,15.8,15,69,6,26031
2020-07-01,26,26,17,22,22,6,22,23,4,89,1015,7,0.0,0.0,15.8,16,71,6,26031
2020-07-02,25,25,19,22,23,6,23,23,8,285,1015,15,0.0,0.0,15.8,16,72,6,26031
2020-07-03,26,26,17,21,22,6,22,23,7,345,1017,13,0.1,0.0,15.8,18,82,6,26031
2020-07-04,26,26,19,22,23,6,23,24,4,165,1017,7,0.0,0.0,15.7,16,69,6,26031
2020-07-05,26,26,20,23,24,6,24,24,4,202,1014,7,0.3,0.0,15.7,17,71,5,26031
2020-07-06,27,27,19,23,24,6,24,25,5,56,1014,8,1.0,0.0,15.7,17,71,6,26031
2020-07-07,26,26,20,23,24,5,24,24,9,281,1012,13,3.2,0.0,15.7,19,81,6,26031
2020-07-08,28,28,19,23,24,6,24,25,3,86,1013,5,0.0,0.0,15.7,17,70,6,26031
2020-07-09,29,29,21,25,27,5,27,27,7,169,1010,13,3.4,0.0,13.6,20,79,6,26031
2020-07-10,23,23,19,21,22,5,22,22,8,156,1008,14,15.5,0.0,12.4,19,88,5,26031
2020-07-11,25,25,17,21,22,6,22,23,13,315,1008,18,0.2,0.0,13.5,15,71,5,26031
2020-07-12,20,20,16,18,18,6,18,18,12,351,1010,16,0.0,0.0,14.5,13,76,5,26031
2020-07-13,23,23,15,18,18,6,19,20,7,299,1014,11,0.0,0.0,14.5,13,73,5,26031
2020-07-14,24,24,16,20,20,6,21,22,6,125,1016,11,0.1,0.0,14.5,15,72,6,26031
2020-07-15,22,22,18,20,20,4,20,21,7,272,1015,11,16.6,0.0,9.5,18,89,5,26031
2020-07-16,23,23,17,20,20,5,21,21,5,64,1016,8,4.0,0.0,12.5,16,78,5,26031
2020-07-17,25,25,18,21,22,6,22,23,10,270,1016,17,0.1,0.0,14.5,17,77,5,26031
2020-07-18,29,29,19,24,25,5,25,25,11,235,1011,21,2.8,0.0,12.5,20,82,6,26031
2020-07-19,26,26,21,23,25,5,25,24,12,263,1004,22,15.6,0.0,12.5,20,82,5,26031
2020-07-20,20,20,15,17,17,6,17,18,12,308,1013,16,0.0,0.0,13.5,12,72,4,26031
2020-07-21,21,21,13,17,17,6,17,18,5,69,1018,8,0.0,0.0,14.5,11,70,5,26031
2020-07-22,19,19,15,17,17,5,17,17,11,109,1014,17,38.7,0.0,9.4,15,86,4,26031
2020-07-23,22,22,16,19,19,6,20,20,5,78,1019,8,0.0,0.0,14.5,15,78,5,26031
2020-07-24,25,25,16,20,21,6,21,22,3,75,1020,5,0.0,0.0,14.5,15,72,6,26031
2020-07-25,27,27,18,23,24,6,24,24,11,256,1017,19,0.0,0.0,14.5,18,77,6,26031
2020-07-26,26,26,22,23,26,5,26,24,11,259,1012,19,3.1,0.0,10.4,21,86,5,26031
2020-07-27,24,24,19,21,21,6,22,22,10,277,1007,16,2.4,0.0,14.5,18,80,6,26031
2020-07-28,23,23,18,20,20,6,21,21,11,274,1007,17,3.1,0.0,11.4,15,76,5,26031
2020-07-29,22,22,17,19,19,5,20,20,9,302,1011,12,1.7,0.0,13.5,15,77,5,26031
2020-07-30,23,23,15,18,18,6,19,20,8,210,1014,12,0.0,0.0,14.5,14,75,5,26031
2020-07-31,23,23,16,19,19,6,20,20,5,46,1015,8,0.0,0.0,14.5,15,76,5,26031
2020-08-01,24,24,17,21,22,6,22,22,4,92,1013,7,0.0,0.0,14.5,15,72,6,26031
2020-08-02,23,23,16,20,20,6,21,21,8,238,1010,12,1.4,0.0,12.4,15,74,5,26031
2020-08-03,16,16,9,13,13,6,14,14,8,51,1017,12,3.2,0.0,12.4,11,78,3,26031
2020-08-04,18,18,14,15,15,6,16,16,11,141,1017,14,0.2,0.0,13.4,11,72,4,26031
2020-08-05,20,20,12,15,15,6,16,17,10,286,1017,15,0.0,0.0,14.5,11,72,5,26031
2020-08-06,23,23,16,19,19,6,20,21,9,275,1019,14,0.1,0.0,11.6,14,72,5,26031
2020-08-07,24,24,16,20,20,6,20,21,5,315,1020,8,0.0,0.0,11.6,14,72,6,26031
2020-08-08,26,26,17,21,22,5,22,23,11,232,1017,18,6.6,0.0,10.5,16,75,5,26031
2020-08-09,28,28,20,23,25,5,25,25,8,259,1013,14,1.4,0.0,9.4,21,88,5,26031
2020-08-10,25,25,20,23,24,5,24,23,8,226,1010,15,6.1,0.0,7.1,21,90,5,26031
2020-08-11,24,24,17,20,20,6,21,21,10,279,1011,16,0.3,0.0,11.6,14,68,6,26031
2020-08-12,25,25,19,22,22,6,22,23,7,303,1017,12,0.0,0.0,11.6,15,68,6,26031
2020-08-13,25,25,18,21,22,6,22,22,6,69,1020,10,0.0,0.0,11.6,15,67,6,26031
2020-08-14,26,26,18,22,23,6,23,23,10,101,1018,17,0.0,0.0,11.6,17,73,6,26031
2020-08-15,26,26,19,21,22,5,22,23,9,217,1013,15,4.7,0.0,9.3,17,76,5,26031
2020-08-16,23,23,17,19,19,6,20,21,10,304,1012,15,2.8,0.0,10.5,15,75,6,26031
2020-08-17,22,22,16,19,19,5,19,20,9,307,1013,14,1.5,0.0,9.3,13,71,5,26031
2020-08-18,19,19,15,16,16,6,17,18,12,343,1016,17,0.1,0.0,10.4,11,69,4,26031
2020-08-19,20,20,13,16,16,5,16,17,4,339,1017,7,0.2,0.0,11.6,11,72,5,26031
2020-08-20,23,23,17,20,20,5,21,22,14,262,1010,22,5.5,0.0,10.4,17,81,6,26031
2020-08-21,21,21,18,19,19,4,19,20,3,222,1011,5,2.5,0.0,9.3,17,90,4,26031
2020-08-22,25,25,18,21,22,5,22,23,7,243,1011,12,7.3,0.0,6.9,18,85,5,26031
2020-08-23,24,24,19,21,22,5,22,22,8,268,1012,13,8.2,0.0,11.6,18,84,5,26031
2020-08-24,25,25,19,21,22,6,22,23,8,263,1012,13,0.3,0.0,10.4,19,84,5,26031
2020-08-25,24,24,17,20,20,6,21,22,9,288,1015,15,0.0,0.0,11.6,15,74,6,26031
2020-08-26,21,21,16,18,18,5,18,18,10,154,1012,15,19.7,0.0,6.9,17,91,4,26031
2020-08-27,24,24,17,21,23,5,23,22,12,283,1007,19,4.9,0.0,11.6,18,84,5,26031
2020-08-28,20,20,16,18,18,5,18,19,10,93,1009,15,6.5,0.0,11.6,14,78,5,26031
2020-08-29,18,18,15,17,17,5,17,17,19,297,1002,25,17.1,0.0,8.0,13,81,4,26031
2020-08-30,18,18,14,16,16,6,16,16,7,144,1012,11,0.2,0.0,9.2,11,75,4,26031
2020-08-31,23,23,14,17,17,5,18,19,9,166,1011,15,0.3,0.0,11.6,14,77,5,26031
2020-09-01,19,19,13,17,17,5,17,17,7,284,1011,11,0.6,0.0,11.6,11,71,5,26031
2020-09-02,21,21,15,17,17,5,17,18,10,260,1004,15,14.1,0.0,9.1,14,81,4,26031
2020-09-03,22,22,14,17,17,6,17,19,18,245,1003,29,0.8,0.0,7.8,12,73,4,26031
2020-09-04,18,18,13,14,14,6,15,16,16,275,1012,23,0.9,0.0,7.8,8,64,4,26031
2020-09-05,18,18,12,14,14,6,15,16,11,286,1019,18,0.0,0.0,11.6,8,64,5,26031
2020-09-06,22,22,11,16,16,5,17,18,12,167,1014,20,4.4,0.0,11.6,9,65,5,26031
2020-09-07,16,16,11,14,14,5,15,15,16,296,1008,22,4.8,0.0,9.0,9,70,3,26031
